[1,0,0,0,0,517,0,0,517,0,0,-2105,0,-2105,0,64,64,92,92,126,159,126,159,-528,0,31,-31,0,-35,0,-528,0,31,-31,0,0,-35,0,-594,0,-594,0,0,55,159,0,0,-35,0,-555,0,55,159,0,-35,0,-532,0,55,159,0,-35,0,-555,0,55,159,0,-35,0,-532,0,55,159,-35,-532,0,55,159,0,-35,-532,0,55,159,0,-35,-532,0,55,159,0,0,-35,0,-555,0,55,159,0,-35,-532,0,55,159,0,-35,-532,0]
[2,0,0,0,0,0,0,517,517,0,0,-2104,0,-2104,0,64,64,92,92,126,159,126,159,-528,0,31,-31,0,-528,-31,0,0,31,-35,0,-35,0,-594,0,-594,0,0,55,159,0,0,-35,0,-555,0,55,159,-35,0,-555,0,55,159,0,-35,0,-532,0,55,159,-35,-532,0,55,159,-35,-532,0,55,159,0,-35,-532,0,55,159,0,-35,-555,0,55,159,0,-35,-532,0,55,159,-35,-532,0,55,159,-35,-555,0,55,55,159,159,0,-48,-532,0,-532,0,55,159,-35,0,55,159,-555,0,-35,0,-532,0]
[3,0,0,0,0,0,0,517,517,0,0,-2103,0,-2105,0,64,64,92,-528,0,92,31,126,159,126,159,-528,-31,0,0,-31,0,31,0,-35,-35,0,0,-594,0,-594,0,0,55,159,0,-35,0,-555,0,55,159,0,-35,0,-555,0,55,159,0,-35,0,-532,0,55,159,-35,0,-532,0,55,159,0,-35,0,-532,0,55,159,0,-35,0,55,159,55,159,0,-35,-35,0,-532,0,55,159,0,-35,0,55,159,55,159,55,159,0,0,-35,0,-35,-555,0,0,-35,0,-532,0,-532,0,55,159,-35,0,-555,-532,0,-532,0,55,159,-35,0,55,159,0,-35,-532,0,-532,0,55,159,-35,0,55,159,-35,0,-532,0,-555,0,55,159,0,-35,0,-532,0,55,159,0,-35,0,-532,0,55,159,-35,0,-1027,0,-532,0,55,159,-35,0,55,159,-35,0,-555,0,55,159,0,-35,0,-532,0,-555,0,55,159,-35,0,-555,0,55,159,0,-35,0,-555,0]
[4,0,0,0,0,517,0,0,517,0,0,-2105,0,-2104,0,64,64,92,92,126,159,126,159,-528,0,31,-31,0,-35,0,-528,0,-31,0,31,-35,0,-594,0,-594,0,0,55,159,0,0,-35,0,-555,0,55,159,0,-35,0,-532,0,55,159,-35,0,55,159,0,-35,0,-555,0,55,159,0,-35,0,-532,0,-532,0,55,159,-35,0,-532,0,55,159,-35,0,55,159,-35,0,55,159,-35,0,-555,0,55,159,-35,0,-532,0,-555,0,-532,0,55,159,0,-35,0,-555,0]
[5,0,0,0,0,517,0,0,517,0,0,-2104,0,-2104,0,64,64,92,92,126,159,126,159,-528,0,31,-31,0,0,-35,0,-528,0,31,-31,0,-594,0,-35,0,-594,0,0,55,159,0,-35,0,-555,0,55,159,0,-35,0,-532,0,55,159,55,159,0,-35,0,0,-35,0,-555,0,-532,0,55,159,55,159,55,159,0,-35,0,-35,0,-532,0,-35,0,-532,0,55,159,-35,0,55,159,0,-35,0,55,159,0,-35,0,-555,0,-532,0,-532,0,55,159,-35,0,-531,0,-532,0,55,159,-35,-532,0,55,159,-35,55,159,0,-35,0,55,159,0,-35,0,55,159,0,-35,0,-555,0,-532,0,-532,0,55,159,55,159,0,-35,0,-35,0,-532,0,-532,0,-555,0,55,159,0,-35,0,55,159,-35,0,55,159,-35,0,-532,0,-532,0,-532,0,55,159,-35,0,55,55,159,159,55,159,0,-35,0,-48,0,-555,0,-532,0,-555,0,55,159,0,-35,0,55,159,0,-35,-532,0,55,159,0,-35,0,-555,0,-532,0,-555,0,55,159,0,-35,0,-532,0]
[6,0,0,0,0,0,0,517,517,0,0,-2104,0,-2104,0,64,64,92,92,126,159,126,159,-528,0,31,-31,0,-528,-31,0,0,31,-35,0,-35,0,-594,0,-594,0,0,55,159,0,0,-35,0,-555,0,55,159,-35,0,-532,0,55,159,-35,0,-555,0,55,159,0,-35,0,55,159,428,0,-35,0,55,159,-48,0,55,55,55,159,159,159,0,-35,-61,0,-532,0,55,55,55,159,318,0,-35,-48,0,-532,0,-532,0,-532,-532,0,55,159,-35,55,159,-35,-532,0,-532,0,55,159,-35,0,-555,0,-532,0,-532,0,-532,0,-532,0,-532,0,55,159,0,0,-35,0,-555,0,-532,0,55,159,0,-35,0,55,159,0,-35,0,-532,0,55,159,55,159,-35,0,-35,0,55,159,0,-35,0,-532,0,-532,0,55,159,-35,0,55,159,0,-35,0,55,159,0,-35,0,-555,0,55,159,0,-35,0,-532,0,-532,0,55,159,-35,0,-555,0,-532,0,-532,0,55,214,159,-35,0,-35,0,-532,0,55,159,-35,0,55,159,0,-35,0,-555,0,-532,0,55,159,-532,0,0,-35,0,-555,0,-532,0,55,159,-35,0,-532,0,55,159,-35,0,55,159,0,-35,0,55,159,0,-35,0,-555,0,55,159,-35,0,55,159,-35,0,-555,0,55,159,0,-35,0,-532,0,-532,0,-532,0,55,159,0,-35,0,-555,0,-532,0,55,159,0,-35,0,55,159,-35,0,55,159,0,-35,55,159,55,55,159,159,-35,0,-48,0,-555,0,-555,0,-532,0,-532,0,-532,0,-532,0,55,159,0,-35,0,55,159,0,-35,0,55,159,0,-35,0,-532,0,-555,0,-533,0,55,159,0,-35,0,-558,0,55,159,0,-35,0,-543,0]
[7,0,0,0,0,517,0,0,517,0,0,-2104,0,-2104,0,64,64,92,92,126,159,126,159,-528,0,31,-31,0,-35,0,-528,-31,0,0,31,-35,0,-594,0,-594,0,0,55,159,0,0,-35,0,-555,0,55,159,-35,0,-532,0,55,159,0,-35,0,-532,0,55,159,0,-35,0,-532,0]
[8,0,0,0,0,0,0,517,517,0,0,-2104,0,-2104,0,64,64,92,92,126,159,126,159,-528,0,31,-31,0,-528,-31,0,0,0,31,-35,-35,0,0,-594,0,-593,0,0,55,159,0,0,-35,0,-555,0,55,159,0,-35,0,-532,0,55,159,0,-35,0,-555,0,55,159,55,159,0,-35,0,-35,0,-532,0,-532,0,55,159,-35,0,-532,0,55,159,55,159,0,-35,0,-532,0,-35,0,-532,0,55,159,0,-35,0,55,55,159,159,-35,0,-35,0,-532,-532,0,55,159,-35,0,-555,55,159,0,-35,0,-532,0,55,159,55,159,-35,0,-35,0,55,159,0,-35,-532,0,-532,0,55,159,0,-35,0,-532,0,55,159,0,-35,-532,0,55,159,55,159,-35,0,-35,0,-532,-532,0,-532,0,-532,0,55,159,0,-35,0,-532,0,55,159,-35,0,-555,0,55,159,0,-35,0,-532,0,55,159,-35,0,-555,0,55,159,0,-35,0,55,159,-35,0,-555,0,55,159,-35,0,-532,0,-532,0]
[9,0,0,0,0,517,0,0,517,0,0,-2104,0,-2104,0,64,64,92,92,126,159,126,159,-528,0,31,-31,0,-528,0,-35,0,-31,0,31,-35,0,-594,0,-594,0,0,55,159,0,0,-35,0,-555,0,55,159,-35,0,-555,0,55,159,0,-35,0,-555,0,55,159,-35,55,55,55,214,477,-35,-61,0,-555,55,159,-35,55,159,-35,55,159,-35,-532,0,55,159,-35,-532,0,-532,0,-532,0,-532,0,55,159,-35,0,-532,0,-532,0,-555,0,-532,0,55,159,-35,0,55,159,-35,0,55,159,55,159,0,-35,0,-35,0,55,159,0,-35,-532,0,-532,0,-532,0,-532,0,-532,0]
[10,0,0,0,0,0,0,517,517,0,0,-2105,0,-2103,0,64,64,92,126,159,92,126,159,-528,0,31,-31,0,-528,0,0,31,-31,0,0,-35,0,-594,0,-35,0,-594,0,0,55,159,0,0,-35,0,-555,0,55,159,0,-35,0,-555,0,55,159,-35,0,-555,0,55,159,-35,0,-555,0,55,159,0,-35,0,55,159,0,-35,0,-555,0,-532,0,55,39,159,0,0,0,-52,0,-555,0,55,159,-35,0,55,159,-35,0,55,55,159,159,-532,0,-35,0,-35,0,-532,0,-532,0,-555,0]
[11,0,0,0,0,517,0,0,517,0,0,-2104,0,-2104,0,64,64,92,126,159,92,126,159,-528,0,31,-31,0,-35,0,-528,-31,0,0,31,-35,0,-594,0,-594,0,0,55,159,0,0,-35,0,-555,0,55,159,0,-35,0,-532,0,55,159,0,-35,0,-532,0,55,159,-35,0,-532,0,55,159,0,-35,0,-532,0,55,159,0,0,-35,0,-555,0,55,55,159,159,-35,0,-35,0,-555,-532,0,0,55,159,-35,0,-532,0,55,159,-35,0,-532,0,55,159,0,-35,0,-532,0,55,159,0,-35,0,-532,0,55,159,-35,-532,0,55,159,-35,-532,0,55,159,0,-35,-532,0,55,159,-35,-532,0,55,159,0,55,159,-35,-532,0,55,159,-35,-35,0,-532,-532,0,55,159,-35,-532,0,55,159,-35,-532,0,55,159,0,-35,-555,0,55,159,-35,-532,0,55,159,0,-35,-532,0,55,159,-35,-532,0,55,159,-35,-532,0,55,55,159,159,-35,-35,0,-532,-532,0,55,159,-35,-532,0,55,159,0,-35,-532,0,55,159,55,159,0,-35,-35,0,-532,-532,0,55,159,55,159,0,-35,-532,0,0,-35,-532,0,55,159,0,-35,-555,0,55,159,-35,55,159,-532,-35,0,-532,0,55,159,0,-35,0,-532,0,55,159,55,159,0,-48,0,-555,0,-532,0]
[12,0,0,0,0,0,0,517,517,0,0,-2104,0,-2103,0,64,64,92,92,126,159,126,159,-528,0,31,-31,0,-528,0,-31,0,31,0,-35,0,-35,0,-594,0,-594,0,0,0,55,159,0,0,-35,0,-555,0,55,159,0,-35,0,-532,0,55,159,0,-35,0,-532,0,55,159,0,-35,0,-532,0,55,159,55,159,0,0,-35,0,-555,0,0,-35,0,-555,0,-555,0,55,159,0,-35,0,-532,0,55,159,0,-35,0,-532,0,55,159,0,-35,0,-532,0,55,159,55,159,55,159,0,-48,0,-35,0,-532,0,-532,-532,0,55,159,-35,-532,0,55,159,55,55,159,159,55,159,0,-35,0,0,-48,0,-35,0,-532,-532,0,-532,-532,0,55,159,0,-35,-532,0,55,159,0,-35,-532,0,55,159,0,-35,-555,0,55,159,0,-35,-532,0,55,159,0,-35,-532,0,55,159,0,-35,-532,0,55,159,55,159,55,159,-35,-532,0,0,-35,-35,0,-532,-532,0,55,159,0,-35,-532,0,55,159,-35,-532,0,55,159,55,214,159,0,-35,-532,0,0,-48,-532,0,-532,0,55,159,0,-35,0,-532,0,55,159,-35,0,-532,0]
[13,0,0,0,0,0,0,517,517,0,0,-2104,0,-2105,0,64,64,92,92,126,159,126,159,-528,0,31,-528,-31,0,0,-31,0,31,0,-35,0,-35,0,-594,0,-594,0,55,159,0,-35,0,-555,0,55,159,55,159,55,159,0,-35,0,-35,0,-35,0,55,159,-35,0,-532,0,-555,0,-532,0,-532,0,55,159,55,159,0,-35,0,-35,0,-532,0,-532,0,55,159,0,0,-35,0,-555,0,55,55,55,55,159,159,159,159,0,0,-61,0,-35,0,-532,0,-532,0,-532,-532,0,55,159,-35,0,-532,0,55,159,-35,0,-532,0,55,159,0,-35,0,-555,0,55,159,0,-35,0,-532,0,55,159,0,-35,-532,0,55,159,0,-35,-532,0,55,159,55,159,0,-35,-35,0,-532,-532,0,55,159,0,-35,-532,0,55,159,55,159,0,-35,55,-532,159,-35,0,-532,0,-35,0,55,159,55,159,-532,-35,0,55,159,-35,55,159,-532,-35,0,-532,-532,0,-35,-532,0,55,159,0,-35,-532,0,55,159,-35,-532,0,55,159,55,55,55,55,55,159,318,318,0,-35,-532,0,0,0,-87,-532,0,-532,-532,0,-532,-532,0,55,159,0,-35,-532,0,55,159,-35,-532,0,55,55,159,159,0,0,55,159,-48,-532,0,-532,-35,0,-532,0,55,159,55,159,0,-35,0,-35,0,-532,-532,0,55,159,-35,0,-532,0,55,159,-35,0,-532,55,159,0,-35,0,-532,55,159,0,-35,-532,0,55,159,-35,0,-532,55,159,-35,0,-532,0,55,159,55,159,0,-35,-35,0,-532,-532,0,55,159,0,-35,-532,0,55,159,0,-35,-532,0,55,159,0,-35,-555,0,55,159,0,-35,-532,0,55,159,0,-35,-555,0]
[14,0,0,0,0,517,0,0,517,0,0,-2103,0,-2105,0,64,92,126,159,-528,-31,0,0,-35,0,64,31,92,-594,0,126,159,-528,-31,0,0,31,-35,0,-594,0,0,0,55,159,0,0,-35,0,-555,0,55,159,-35,0,-532,0,55,159,0,-35,0,-555,0]
[15,0,0,0,0,0,0,517,517,0,0,-2104,0,-2105,0,64,64,92,92,126,159,126,159,-528,0,31,-528,-31,0,0,-31,0,31,0,-35,0,-35,0,-594,0,-594,0,0,55,159,0,0,-35,0,-555,0,55,159,0,-35,0,-555,0,55,159,0,-35,0,-555,0,55,159,0,-35,0,-555,0,55,55,55,159,159,159,0,-35,0,-48,0,-532,0,-555,0,55,159,0,-35,-532,0,-532,0,55,159,0,-35,0,55,159,55,159,0,-35,0,55,159,-35,0,55,159,0,-35,0,0,-35,0,-555,0,55,159,0,-35,0,55,159,-35,0,-532,0,55,159,0,-35,0,-532,0,55,159,-35,0,-555,0,55,159,-35,0,-532,0,-532,0,-532,0,-555,0]
[16,0,0,0,0,0,0,517,517,0,0,-2104,0,-2104,0,64,92,126,159,64,92,126,159,-528,-31,0,0,31,-35,0,0,-537,0,31,-594,0,-35,0,-594,0,0,0,55,159,0,0,-35,0,-555,0,55,159,55,159,0,-35,0,-35,0,-555,0,-555,0,55,55,159,159,0,-48,0,-532,0,-555,0,55,159,-35,0,55,159,0,-35,0,-532,0,-555,0]
[17,0,0,0,0,517,0,0,517,0,0,-2103,0,-2104,0,64,92,126,159,64,92,126,159,0,-550,0,31,-594,0,0,-550,0,31,-594,0,0,0,55,159,0,0,-35,0,-555,0,55,159,0,-35,0,-532,0,55,159,-35,0,55,159,-35,0,-555,0,55,159,-35,0,-532,0,55,159,0,-35,0,-555,0,55,159,0,-35,0,-532,0,-532,0,55,159,0,-35,0,55,55,55,159,159,159,0,-61,0,55,159,0,-35,0,55,159,-35,0,-555,-532,0,-532,55,159,-35,0,-532,0,-532,0,55,159,-35,0,55,55,159,159,-35,0,-35,0,55,55,55,159,159,159,-35,0,-48,0,-555,0,55,159,-35,0,55,159,-35,0,-532,0,-532,0,-532,0,-532,0,-532,0,-532,0,-532,0,55,159,0,-35,0,55,159,0,-35,0,55,55,159,159,0,-48,0,55,39,159,55,159,0,0,0,-35,0,-39,0,0,-555,-35,0,0,55,159,0,-35,0,55,159,0,-35,-555,0,-532,55,159,0,-35,0,-532,0,55,159,-35,0,-532,0,55,159,0,-35,0,-532,0,55,159,0,-35,0,55,159,0,-35,-532,0,55,159,0,-35,0,-532,0,-532,-532,0,-532,55,159,0,-35,0,-532,0,-532,0,55,55,159,159,0,-48,0,-555,0,55,159,0,-35,0,-532,0,-532,0,55,159,55,55,159,159,55,159,0,-35,-48,-35,-532,0,55,159,0,-35,0,-532,55,159,-35,0,-532,-532,0,-532,55,55,159,159,-35,-35,0,55,159,0,-35,-532,0,-532,-532,0,55,159,-35,55,159,0,-35,0,-532,-532,0,-532,0,55,159,0,-35,0,55,159,0,-35,0,-555,0,55,159,0,-35,0,-532,0,-532,0,55,159,0,-35,0,55,159,0,-35,0,-532,0,55,159,0,-35,0,-532,-532,0,-533,0,-533,55,159,0,-35,-534,0,-535,0,55,159,0,-35,0,55,159,0,-35,0,-586,0,-532,0,-555,0,55,159,0,-35,0,-555,0]
[18,0,0,0,0,517,0,0,517,0,0,-2104,0,-2103,0,64,64,92,92,126,159,126,159,-528,0,31,-528,-31,0,0,31,0,-31,0,-35,0,-35,0,-594,0,-594,0,0,0,55,159,0,0,-35,0,-555,0,55,159,0,-35,0,-532,0,55,55,159,159,0,0,-48,0,-532,0,-532,0,55,159,55,159,-35,0,-35,0,-532,-532,0,55,159,0,-35,0,-555,0,55,159,0,-35,0,-532,0]
[19,0,0,0,0,0,0,517,517,0,0,-2104,0,-2103,0,64,64,92,92,126,159,126,159,-528,0,31,-31,0,0,-537,0,0,31,-35,0,-35,0,-594,0,-594,0,0,0,55,159,0,0,-35,0,-555,0,55,159,0,-35,0,-532,0,55,159,0,-35,0,-531,0,55,159,856,0,-35,0,-74,0,-532,0,-532,0,-532,0,-532,0,-532,0,55,159,0,-35,0,-532,0,55,159,0,55,159,-35,0,0,-35,0,-555,0,-532,0,55,159,0,-35,0,-532,0,55,159,55,159,-35,-35,0,-532,-532,0,55,159,-35,-532,0,55,159,-35,-532,0,55,159,55,159,0,-35,-35,-532,0,55,55,159,159,55,55,55,159,318,0,-48,-532,0,-532,-61,0,-532,-532,0,-532,-532,0,55,159,0,-35,-532,0,55,159,0,-35,-532,0,55,159,-35,-532,0,55,159,55,-35,159,-532,-35,0,-532,55,159,0,-35,55,159,-35,-532,0,-532,55,159,-35,-532,0,55,159,0,0,-35,0,-555,0,55,159,-35,-554,0,55,159,-35,-532,0,55,159,0,-35,-532,0,55,159,0,-35,-532,0]
[20,0,0,0,0,0,0,517,517,0,0,-2104,0,-2104,0,64,92,126,159,64,92,126,159,0,-537,0,31,-35,0,-594,0,0,-537,0,31,-35,0,-594,0,0,0,55,159,0,0,-35,0,-555,0,55,159,0,-35,-532,0,55,159,0,-35,-532,0,55,55,159,159,0,-48,-555,-532,0,-532,0,55,159,0,-35,0,-532,0,55,159,55,159,55,55,159,159,-35,0,-35,0,-532,0,-48,-532,-532,-532,0,55,159,0,-35,0,-532,0,55,159,0,-35,0,-555,0,55,159,0,-35,0,-532,0,55,159,0,-35,0,-532,0,55,159,0,-35,0,-532,0,55,159,0,-35,0,-532,0,55,159,-35,0,-532,0,55,159,0,-35,0,-555,0,55,159,0,-35,0,-532,0,55,159,-35,0,-532,0,55,159,0,-35,0,-555,0,55,159,-35,0,-532,0]
[21,0,0,0,0,517,0,0,517,0,0,-2104,0,-2105,0,64,64,92,92,126,159,126,159,-528,0,31,0,-44,0,-528,-31,0,0,31,-35,0,-594,0,-594,0,0,55,159,0,-35,0,-555,0,55,159,0,-35,0,-532,0,55,159,55,159,55,55,159,159,-35,0,-35,0,0,0,-35,0,-35,0,-532,0,-532,-555,0,-532,0,55,55,159,159,-35,-35,0,-532,-532,0,55,159,55,159,-35,-35,0,55,159,-532,-532,0,-35,-532,0,55,159,-35,-532,0,55,159,0,-35,-555,0,55,159,0,-35,-532,0,55,159,-35,-532,0]
[22,0,0,0,0,0,0,517,517,0,0,-2105,0,-2104,0,64,64,92,92,126,159,126,159,-528,0,31,-31,-528,0,0,-31,0,31,0,-35,0,-35,0,-594,0,-594,0,0,55,159,-35,0,-555,0,55,159,0,-35,0,-532,0,55,55,159,159,-35,0,-35,0,-555,0,-532,0,55,159,-35,0,-532,0,55,159,-35,0,-532,0,55,159,-35,0,-532,0,55,159,55,159,0,0,0,-35,0,-35,0,-555,0,-532,0,55,159,55,159,-35,0,-35,0,-532,0,-532,0,55,159,0,-35,0,-555,55,159,-35,-532,0,55,159,-35,-532,0]
[23,0,0,0,0,0,0,517,517,0,0,-2104,0,-2104,0,64,64,92,92,126,159,126,159,-528,0,31,-528,0,-31,0,-31,0,31,0,-35,0,-35,0,-594,0,-594,0,0,55,159,0,-35,0,-555,0,55,159,0,-35,0,-532,0,55,159,0,0,-35,0,-555,0,55,159,0,-35,0,-532,0,55,159,-35,0,-532,0,55,159,0,-35,0,-555,0,55,159,-35,-532,0,55,159,0,-35,-532,0,55,159,-35,-532,0,55,159,-35,-532,0,55,159,-35,-555,0]
[24,0,0,0,0,517,0,0,517,0,0,-2103,0,-2105,0,64,64,92,92,126,159,126,159,-528,0,31,-31,0,0,-537,0,31,-35,0,-35,0,-594,0,-594,0,0,55,159,0,0,-35,0,-555,0,55,159,0,-35,-532,0]
[25,0,0,0,0,517,0,0,517,0,0,-2103,0,-2103,0,64,92,126,159,64,92,126,159,-528,0,-31,0,0,31,-35,0,-594,0,0,-537,0,31,-35,0,-594,0,0,0,55,159,0,0,-35,0,-555,0,55,159,0,-35,0,-555,0,55,159,0,-35,0,-555,0,55,159,55,159,0,-35,0,0,-35,0,55,159,0,-35,0,55,159,0,-35,0,55,159,0,-35,0,55,159,0,-35,0,-555,0,55,159,0,-35,0,55,159,0,-35,0,-532,0,-532,0,-532,0,-555,0,55,159,-532,0,-35,0,-532,0,-532,0,-532,0,55,39,159,0,0,0,-52,0,-555,0,55,159,-35,0,-555,0,55,159,-35,0,55,159,-35,0,-532,0,55,159,0,-35,0,-555,0,55,159,0,-35,0,-555,0,55,159,0,-35,0,-555,0,-532,0,55,159,0,-35,0,-555,0]
[26,0,0,0,0,0,0,517,517,0,0,-2103,0,-2104,0,64,64,92,92,126,159,126,159,-528,0,31,-528,0,-31,0,31,-31,0,0,-35,0,-35,0,-594,0,-594,0,0,55,159,0,-35,0,-555,0,55,159,-35,0,-532,0,55,159,55,159,0,-35,0,-35,0,-555,0,-532,0,55,159,-35,0,-555,0,55,159,0,-35,0,-532,0,55,159,0,-35,0,-532,0]
[27,0,0,0,0,517,0,0,517,0,-2105,0,0,64,92,126,159,-2104,0,0,-537,0,31,-35,0,-594,0,64,92,126,159,-528,0,-31,0,31,0,-35,0,-594,0,0,0,55,159,0,0,-35,0,-555,0,55,159,0,-35,0,-555,0,55,159,55,159,0,-35,0,0,-35,55,0,159,-555,0,-35,0,-555,0,-532,0,55,159,0,-35,0,55,159,-35,55,159,55,159,0,-35,0,-35,0,55,159,0,-35,0,-555,0,55,159,-35,0,-532,0,55,39,159,55,159,0,0,0,-52,0,-555,0,-35,0,-532,0,55,159,55,159,0,-35,0,0,-35,0,-532,0,-532,0,55,159,0,-35,0,55,159,0,-35,0,55,159,0,-35,0,-555,0,-532,0,-532,-532,0,-532,0,55,159,0,-35,-532,0,-532,0,55,159,55,159,0,-35,0,-35,0,-532,-532,0,-532,0,55,159,-35,0,-532,0,55,159,0,-35,0,-555,0,55,159,-35,0,55,159,0,-35,0,-555,0,-532,0,55,159,0,-35,0,-532,0]
[28,0,0,0,0,0,0,517,517,0,0,-2103,0,-2103,0,64,92,126,159,-528,0,-31,0,64,31,92,126,159,-35,0,-594,0,-528,0,-31,0,31,-35,0,-594,0,0,0,55,159,0,0,-35,0,-555,0,55,159,-35,0,-531,0]
[29,0,0,0,0,517,0,0,517,0,0,-2104,0,-2103,0,64,92,126,159,64,92,126,159,0,-537,0,31,-35,0,-594,0,0,-550,0,31,-594,0,0,0,55,159,0,0,-35,0,-555,0,55,159,0,-35,0,-531,0]
[30,0,0,0,0,517,0,0,517,0,0,-2104,0,-2104,0,64,92,126,159,64,92,126,159,0,-550,0,31,-594,0,0,-537,0,31,0,-35,0,-594,0,0,0,55,159,0,0,-35,0,-555,0,55,159,0,-35,0,-532,0,55,159,0,-35,0,-555,0,55,159,55,159,0,55,159,-35,0,0,-48,0,-555,0,-532,0,-532,0,55,159,-35,0,-532,0,55,159,0,-35,0,-555,0]
[31,0,0,0,0,0,0,517,517,0,0,-2103,0,-2104,0,64,64,92,92,126,159,126,159,-528,0,31,-31,-528,0,0,-31,0,31,0,0,-35,0,-35,0,-594,-594,0,0,0,55,159,-35,0,-555,0,55,159,0,-35,0,-532,0,55,159,-35,0,-532,0,55,159,-35,0,-532,0,55,159,0,-35,0,-532,0,55,159,0,-35,0,-532,0,55,159,0,-35,0,-555,0,55,159,0,-35,0,-532,0,55,159,0,-35,0,-532,0,55,159,55,159,0,-48,0,-532,0,-532,0,55,159,55,159,0,-35,0,-555,0,-35,0,-532,0]
[32,0,0,0,0,517,0,0,517,0,0,-2104,0,-2104,0,64,64,92,92,126,159,126,159,-528,0,31,-31,0,0,-528,0,-31,0,31,0,-35,0,-35,0,-594,0,-594,0,0,55,159,0,0,-35,0,-555,0,55,159,0,-35,0,-555,0,55,159,0,-35,0,-555,0,55,159,0,-35,0,-532,0,55,159,0,-35,0,-532,0,55,159,-35,0,55,159,-532,0,-35,0,-532,55,159,0,-35,-532,0]
[33,0,0,0,0,517,0,0,517,0,0,-2105,0,-2104,0,64,64,92,92,126,159,126,159,-528,0,31,-31,0,-528,0,31,-35,-31,0,0,0,-594,0,-35,0,-594,0,0,55,159,0,0,-35,0,-555,0,55,159,0,-35,0,-532,0,55,159,55,159,-35,0,-35,0,-555,0,-532,0,55,159,0,-35,0,55,159,0,-35,0,-555,0,55,159,0,-35,0,-555,0,55,159,0,-35,0,-532,0,55,159,0,-35,0,55,159,-35,0,-532,0,55,159,55,159,0,-35,-35,0,-532,0,55,159,-532,-532,0,-35,0,55,159,0,-35,0,-532,0,55,159,-35,0,-532,-532,0,55,159,55,159,0,-35,0,-35,0,-532,-532,0,-532,0,55,159,0,-35,0,55,159,0,-35,0,55,55,55,55,159,159,159,159,55,159,0,-35,0,-74,0,-555,0,-532,0,-532,0,-532,55,159,-35,0,-532,-532,0,-532,55,159,-35,-532,0,55,159,-35,55,159,-35,55,159,0,-35,-532,0,-532,0,55,159,-35,0,55,159,-35,-532,0,55,159,55,159,-35,0,-35,0,-532,-532,0,-532,-532,0,-532,0,55,159,-35,0,-532,55,159,-35,0,55,159,0,-35,0,-555,0,55,159,0,-35,0,-532,0,55,159,-35,0,-532,0,-532,0]
[34,0,0,0,0,517,0,0,517,0,0,-2104,0,-2104,0,64,64,92,92,126,159,126,159,-528,0,31,-528,0,-31,0,31,0,-31,0,0,-35,0,-35,0,-594,0,-594,0,0,55,159,0,-35,0,-555,0,55,159,55,159,55,159,0,0,-35,0,-35,0,-35,0,-532,0,-555,0,-532,0,55,159,-35,0,-532,0,55,159,0,-35,0,-555,0]
[35,0,0,0,0,0,0,517,517,0,0,-2104,0,-2104,0,64,64,92,92,126,159,126,159,-528,0,31,-528,0,-31,0,0,31,-44,0,-35,0,-594,0,-594,0,0,55,159,0,0,-35,0,-555,0,55,159,0,-35,0,-532,0,55,159,55,159,0,-48,0,-555,0,-532,0,55,159,55,159,0,-35,0,0,-35,0,-532,0,-532,0,55,159,0,-35,0,-555,0,55,159,-35,0,-532,0,55,159,0,-35,0,-532,0,55,159,55,39,159,0,-35,0,0,0,-35,0,-39,0,-555,0,55,159,0,-35,-532,0,-532,0,55,159,-35,0,-555,0,55,159,-35,0,-532,0,55,159,0,-35,0,55,159,0,-35,0,-532,0,-532,0]
[36,0,0,0,0,0,0,517,517,0,0,-2104,0,-2104,0,64,92,126,159,64,92,126,0,159,-537,0,0,31,-35,0,-594,0,0,-550,0,31,-594,0,0,0,55,159,0,0,-35,0,-555,0,55,159,0,-35,0,-555,0,55,159,0,-35,0,55,159,0,-35,0,-555,0,-532,0,55,159,0,-35,0,-532,0,55,55,55,55,55,159,159,318,159,0,0,-87,-532,0,-532,-532,0,-532,-532,0,55,159,55,159,0,-35,0,-35,0,-555,0,-532,0,55,159,0,-35,0,-532,0,55,159,0,-35,55,159,-532,-35,0,-532,55,159,0,-35,55,159,-532,-35,0,55,159,-532,-35,0,55,159,-35,-532,0,-532,55,159,0,-35,55,159,0,-35,-532,0,-532,55,159,-35,-532,0,55,159,0,-35,-532,0,55,159,-35,-532,0,55,159,0,-35,-532,0,55,159,-35,-532,0,55,159,55,159,0,-48,-555,0,-532,55,159,0,55,159,-35,-532,0,-35,-532,0,55,159,0,-35,-532,0,55,159,0,-35,-532,0,55,159,-35,-532,0,55,159,-35,55,159,-532,-35,0,-532,0,55,159,0,-35,0,-532,0,55,159,0,-35,-532,0,55,159,0,-35,0,-532,0,55,159,0,-35,0,55,159,-35,0,55,159,0,-35,0,-532,0,-532,0,55,159,55,55,55,159,159,159,0,0,55,159,-74,-532,0,-532,-532,0,-35,-532,0,-532,0,55,55,55,55,159,159,318,0,-35,-61,-532,0,-532,-532,0,-532,0,55,159,55,159,-35,-35,-532,-532,0,55,159,-35,0,-555,55,55,55,55,159,159,159,159,0,0,-74,-532,0,-532,-533,0,-533,0,55,55,159,159,0,-48,-534,0,-535,55,159,0,-35,-543,0,55,159,55,39,159,0,-35,0,0,0,-535,0,-52,0,-555,0,55,159,0,-35,-555,0,55,159,-35,-532,0,55,159,0,-35,-532,0,-532,55,159,-35,-532,0,55,159,-35,-532,0,55,159,0,-35,-532,0,55,159,0,-35,-532,0,55,159,214,-35,-35,0,-532,-532,0,55,159,0,-35,-532,0,55,159,269,159,0,-35,-48,-555,-532,-1004,0,55,55,110,55,214,795,0,0,-48,-74,0,-532,-532,0,-532,-532,0,-532,0,55,159,55,110,55,159,318,159,0,-35,-74,0,-532,-532,0,-532,0,-532,-532,0,55,159,0,-35,0,-532,0,55,159,0,-35,0,-532,0,55,159,0,-35,0,-532,0,55,159,-35,-532,0,55,159,0,-35,-532,0,55,159,0,-35,-532,0,-532,0,55,159,0,-35,0,-555,0,55,159,0,-35,0,-532,0,55,159,0,-35,0,-532,0,55,159,0,-35,0,-532,0,55,159,0,-35,0,-532,0,55,159,0,-35,0,-532,0,55,159,0,-35,-532,0,55,159,-35,-532,0,55,159,-35,-555,0,55,159,0,-35,-532,0,55,159,-35,-555,0,55,159,0,-35,-555,0,55,159,0,-35,0,-532,0,55,159,0,-35,0,55,159,0,-35,0,55,159,0,-35,0,-532,0,55,159,55,159,55,159,55,0,159,-35,0,-61,0,-532,-532,0,55,55,159,159,0,-48,55,159,0,-35,-532,0,-532,-532,-532,-532,-532,0,55,159,0,-35,55,159,-532,0,-35,0,55,159,55,159,0,-48,-533,0,-533,-533,0,-534,0,55,159,-35,0,-535,55,159,-35,0,55,159,55,159,-35,0,-35,0,-543,-535,0,-555,0,55,159,0,-35,0,-532,0]
[37,0,0,0,0,0,0,517,517,0,0,-2104,0,-2104,0,64,64,92,92,126,159,126,159,-528,0,31,-31,0,-528,-31,0,0,31,0,-35,0,-35,0,-594,0,-594,0,0,55,159,0,-35,0,-555,0,55,159,0,-35,0,-555,0,55,159,0,-35,0,-532,0,55,159,0,-35,0,-555,0,55,159,-35,0,-532,0,55,159,-35,0,-532,0,55,159,0,-35,0,-555,0,55,159,-35,0,-532,0,55,159,-35,-532,0,55,159,0,-35,-532,0]
[38,0,0,0,0,517,0,0,517,0,0,-2104,0,-2104,0,64,64,92,92,126,159,126,159,-528,0,31,-31,0,-35,0,-528,0,31,-31,0,-594,0,-35,0,-594,0,0,55,159,0,-35,0,-555,0,55,159,0,-35,0,-532,0,55,159,55,159,-35,0,-532,0,-35,0,-532,0,55,159,0,-35,0,-532,0,55,159,0,-35,0,-555,0,55,159,0,-35,0,-532,0,55,159,0,-35,0,-532,0,55,159,0,-35,0,-532,0,55,159,0,-35,0,-532,0,55,159,0,-35,0,-532,0,55,159,0,-35,0,-532,0,55,159,0,-35,-532,0,55,159,0,-35,0,-532,0,55,159,0,-35,0,-555,0,55,159,0,-35,0,-532,0,55,159,0,-35,-532,0,55,39,159,55,159,0,-35,0,-52,0,-555,-555,0,0,55,159,-35,-555,0,55,159,-35,-532,0,55,159,0,-35,-532,0,55,159,55,159,-35,-35,0,-532,-532,0,55,159,-35,-532,0,55,159,0,-35,-555,0,55,159,-35,-532,0,55,159,0,-35,-532,0,55,159,0,-35,55,159,-532,0,-35,0,55,159,0,-35,-532,0,-532,0,55,159,0,-35,0,-555,0,55,159,0,-35,0,-532,0,55,159,0,-35,0,-532,0,55,159,-35,0,-532,0]
[39,0,0,0,0,0,0,517,517,0,0,-2104,0,-2104,0,64,64,92,92,126,159,126,159,-528,0,31,-31,0,0,-537,0,31,-35,0,-35,0,-594,0,-594,0,0,55,159,0,0,-35,0,-555,0,55,159,-35,0,-532,0,55,159,-35,0,-555,0,55,159,55,159,0,-48,-532,0,55,159,0,-35,-532,0,55,159,55,159,0,-48,-532,0,-532,-532,0,55,159,-35,-532,0,55,159,0,-35,-532,0,55,159,0,-35,-532,0,55,159,-35,-532,0,55,159,-35,-532,0,55,159,0,-35,-532,0,55,159,0,-35,-532,0,55,159,-35,-532,0,55,159,0,-35,-532,0,55,159,0,-35,-555,0,55,159,55,159,0,-35,-35,0,-532,-532,0,55,55,214,318,0,-48,-35,0,55,159,-532,-532,0,-35,-532,0,55,159,0,-35,-532,0,55,159,0,-35,-532,0,55,159,55,159,-35,-35,0,-532,-532,0,55,159,55,159,0,-35,-532,0,-35,-532,0,55,159,-35,-532,0,55,159,55,159,55,159,55,159,-35,-532,0,-35,-35,-532,-532,0,-35,-532,0,55,159,-35,-532,0,55,159,-35,-532,0,55,159,-35,-532,0,55,159,55,159,-35,-35,-532,0,-532,55,159,0,-35,-532,0,55,159,0,-35,-532,0,55,159,0,-35,-532,0,55,159,-35,-532,0,-532,55,159,0,-35,-532,0,55,159,0,0,-35,0,-555,0,55,159,0,-35,-532,0,55,159,0,-35,-532,0,55,159,-35,-532,0,55,159,0,-35,-555,0,55,159,-35,-532,0]
[40,0,0,0,0,517,0,0,517,0,0,-2104,0,-2104,0,64,92,126,159,-528,0,-31,0,31,-35,0,-594,0,64,92,126,159,-528,0,31,-31,0,0,-35,0,-594,0,0,0,55,159,0,0,-35,0,-555,0,55,159,0,-35,0,-555,0,55,159,0,-35,0,-532,0,55,159,0,-35,0,-532,0,55,159,0,-35,0,-532,0,55,159,0,-35,0,-532,0,55,159,-35,-555,0,55,55,55,159,159,159,55,159,-35,-48,-35,-532,-532,-532,0,-532,55,159,0,-35,-532,0,55,55,159,159,-35,-35,0,-532,-532,0,55,159,0,-35,-532,0,55,159,0,-35,-532,0,55,159,0,-35,-532,0,55,159,-35,-532,0,55,159,862,636,0,-35,-113,-532,-532,-532,-532,-532,-532,-532,-532,0,55,159,0,-35,-532,0,55,159,-35,-532,0,55,159,-35,-532,0,55,55,159,159,-35,-35,0,-532,-532,0,55,159,0,-35,-532,0,55,159,0,-35,-532,0,55,159,0,-35,-532,0,55,159,0,-35,-532,0,55,159,0,-35,-532,0,55,159,-35,0,55,159,0,-35,-555,0,55,159,-35,0,-532,0,-532,0,55,159,-35,0,-532,0,55,159,0,-35,0,-531,0,55,159,-35,-532,0,55,159,0,-35,-532,0,55,159,0,-35,0,55,159,-35,0,-555,0,55,159,0,-35,0,-532,0,55,159,-35,0,-532,0,-532,0,55,159,-35,0,-532,0,55,159,-35,0,-532,0,55,159,0,-35,0,-532,0,55,159,55,159,-35,0,-35,0,-532,0,-532,0,55,159,0,-35,-532,0,55,55,55,159,159,159,0,-61,-532,0,-532,-533,0,55,159,0,-35,0,55,159,-35,0,-557,0,-535,0,55,159,0,-35,0,-543,0,55,159,0,-35,0,-535,0,55,159,0,-35,0,-555,0,55,159,-35,0,-532,0,55,159,-35,0,55,159,-532,0,-35,0,-532,0,55,159,0,-35,0,-555,0]
[41,0,0,0,0,0,0,517,517,0,0,-2103,0,-2105,0,64,64,92,92,126,159,126,159,-528,0,31,-31,0,-528,0,-31,0,31,-35,0,-35,0,-593,0,-594,0,0,55,159,0,0,-35,0,-555,0,55,159,0,-35,-532,0,55,159,0,-35,-555,0]
[42,0,0,0,0,517,0,0,517,0,0,-2103,0,-2104,0,64,64,92,92,126,159,126,159,-528,0,31,-31,0,-35,0,-528,-31,0,0,31,-594,0,-35,0,-594,0,0,55,159,0,0,-35,0,-555,0,55,159,0,-35,0,-555,0,55,159,-35,0,-532,0,55,159,0,-35,0,-532,0,55,159,0,0,-35,0,-555,0,55,159,0,-35,0,-555,0,55,159,-35,0,-532,0,55,159,0,-35,0,-532,0,55,159,0,-35,0,-532,0,55,159,0,-35,0,-555,0,55,159,-35,0,-532,0,55,159,0,-35,0,-555,0]
[43,0,0,0,0,517,0,0,517,0,0,-2104,0,-2103,0,64,-528,0,64,92,92,31,126,159,126,159,-31,0,0,-528,0,31,-31,0,0,-35,0,-35,0,-594,0,-594,0,0,55,159,0,-35,0,-555,0,55,159,-35,0,-555,0,55,159,0,-35,0,-532,0]
[44,0,0,0,0,517,0,0,517,0,0,-2104,0,-2104,0,64,64,92,92,126,159,126,159,-528,0,31,-31,0,-528,-31,0,0,31,0,-35,0,-35,0,-594,0,-594,0,0,55,159,0,0,-35,0,-555,0,55,159,0,-35,0,-532,0,55,159,55,159,55,159,0,-35,0,-48,0,-555,0,-555,0,-532,0,55,159,0,-35,0,-532,0,55,159,0,-35,0,55,55,159,373,0,-48,0,-35,0,-555,0,-532,0,55,214,159,0,-48,0,-532,0,55,159,0,-35,0,-532,0,-532,0,-532,0,55,159,0,-35,0,-555,0,-532,0]
[45,0,0,0,0,0,0,517,517,0,0,-2105,0,-2104,0,64,64,92,92,126,159,126,159,-528,0,31,-528,0,-31,0,31,0,-44,0,-35,0,-594,0,-594,0,0,55,159,0,-35,0,-555,0,55,159,0,-35,0,-532,0,55,159,-35,0,-555,0,55,159,-35,0,-532,0,55,159,0,-35,0,-532,0,55,159,-35,0,-532,0,55,159,-35,0,-532,0,55,159,-35,0,-532,0,55,159,-35,-532,0,55,159,-35,-532,0,55,159,0,-35,-532,0,55,159,0,-35,-532,0,55,159,-35,-555,-555,0,55,159,0,-35,0,-532,0,55,159,0,-35,0,-532,0,55,159,0,-35,0,-532,0,55,159,-35,0,-532,0,55,159,-35,0,-532,0,55,159,0,-35,0,-532,0,55,159,-35,0,-532,0,55,159,-35,0,-532,0,55,159,0,-35,0,-532,0,55,159,-35,-532,0,55,159,-35,55,159,-35,-532,0,55,159,55,159,55,159,0,-35,-555,0,-35,-35,-532,-532,0,55,39,159,0,0,0,-35,0,-39,0,-555,0,55,159,0,-35,-532,0,55,159,0,-35,-532,0,55,159,0,-35,-532,0,55,159,0,-35,-532,0,55,159,0,-35,-532,0,-532,55,159,0,-35,0,55,159,0,-35,0,55,159,0,-35,0,-555,0,-532,0,55,159,-35,0,-532,0,-532,0,55,159,55,159,55,159,0,-35,0,55,159,-532,0,-35,0,0,55,159,-35,0,-532,0,-532,0,-35,0,55,159,-532,0,0,-35,0,-532,0,0,-35,0,-532,0,55,55,55,55,159,159,318,0,-74,0,-532,0,-532,0,-532,0,-532,0,55,159,0,-35,-532,0,55,159,0,-35,-532,0,55,159,0,-35,-532,0,55,159,0,-35,-532,0,55,159,0,-35,-532,0,55,159,0,-35,-532,0,55,159,0,-35,-532,0,55,159,-35,-532,0,55,159,0,55,159,-35,-533,0,-35,-533,0,55,159,-35,-534,0,55,159,55,159,0,-35,-35,-559,0,-543,55,159,0,-35,-555,0,55,55,159,159,0,-48,-532,0,-532,55,159,0,-35,-532,0,55,159,0,-35,-532,0,55,159,0,-35,-532,0,55,159,0,-35,-532,0,55,159,0,-35,-532,0,55,159,0,-35,-532,0,55,159,0,-35,-532,0,55,159,0,-35,-532,0]
[46,0,0,0,0,0,0,517,517,0,0,-2104,0,-2105,0,64,64,92,92,126,159,126,159,-528,0,31,-528,-31,0,0,-31,0,31,0,-35,0,-35,0,-594,0,-594,0,0,55,159,-35,0,-555,0,55,159,0,-35,0,-555,0,55,159,0,-35,0,55,55,159,159,-35,0,-35,0,-555,0,-555,0,-532,0,55,159,0,-35,0,55,159,0,-35,0,55,159,0,-35,0,55,159,0,-35,0,55,159,0,-35,0,55,159,0,-35,0,55,55,159,159,0,-48,0,-555,0,-532,0,-532,0,-532,0,-532,0,-532,0,-532,55,159,-35,0,-532,55,159,0,-35,0,-555,0,-532,0,55,159,0,-35,0,55,159,-35,0,-532,0,-555,0,55,159,-35,0,-532,0,55,159,0,-35,0,55,159,-35,0,-555,0,55,159,0,-35,0,-555,0,-532,0]
[47,0,0,0,0,517,0,0,517,0,0,-2104,0,-2105,0,64,92,126,159,64,92,126,159,-528,-31,0,0,31,-35,0,-594,0,0,-550,0,31,-594,0,0,0,55,159,0,0,-35,0,-555,0,55,159,0,-35,0,-555,0,55,159,55,159,0,-35,0,-35,0,-532,0,-532,0,55,159,0,-35,0,-532,0,55,159,0,0,-35,0,-555,0,55,159,0,-35,0,-532,0,55,159,0,-35,0,-532,0,55,159,0,-35,0,-532,0,55,159,0,-35,0,55,159,-35,0,-555,0,-532,0,55,159,-35,0,-532,0,55,159,-35,0,-532,0,55,159,55,159,0,-35,0,0,-35,0,-555,0,-532,0]
[48,0,0,0,0,517,0,0,517,0,0,-2104,0,-2104,0,64,64,92,92,126,159,126,159,-528,0,31,-31,0,-528,0,31,-31,0,-35,0,-35,0,-594,0,-594,0,0,55,159,0,0,-35,0,-555,0,55,159,-35,0,-555,0,55,159,55,159,0,-35,0,-532,0,-35,0,-532,0,55,159,-35,-532,0,55,159,0,-35,-532,0,55,159,-35,-532,0,55,159,0,-35,0,-555,0,55,159,0,-35,0,-555,0,55,159,55,159,0,-35,0,-35,0,-532,0,-532,0,55,159,0,-35,0,-532,0,55,159,0,-35,0,-532,0]
[49,0,0,0,0,517,0,0,517,0,-2105,0,0,-2103,0,64,92,126,159,-528,0,-31,0,31,-35,0,-594,0,64,92,126,159,-528,0,31,-31,0,-35,0,-594,0,0,0,55,159,0,0,-35,0,-555,0,55,159,0,-35,0,-532,0,55,159,-35,0,-532,0,55,159,0,-35,-532,0,55,159,-35,-532,0,55,159,0,-35,-555,0,55,159,0,-35,-532,0,55,159,0,-35,-532,0,55,159,0,-35,-532,0,55,159,55,159,0,-35,0,-35,0,-532,-532,0,55,159,-35,-532,0,55,159,0,-35,-532,0]
[50,0,0,0,0,0,0,517,517,0,0,-2104,0,-2104,0,64,64,92,92,126,159,126,159,-528,0,31,-31,0,-528,0,31,-31,0,-35,0,0,-594,0,-35,0,-594,0,0,55,159,0,-35,0,-555,0,55,159,-35,-532,0,55,159,-35,-555,0,55,159,0,-35,-532,0,55,159,-35,-555,0,55,159,0,-35,-532,0,55,159,0,-35,-532,0,55,159,-35,-532,0]
[51,0,0,0,0,517,0,0,517,0,-2103,0,0,-2105,0,64,92,126,159,64,92,-528,0,-31,0,126,159,31,-35,0,-593,0,0,-537,0,31,-35,0,-593,0,0,55,159,0,0,-35,0,-554,0,55,159,-35,0,-531,0,55,159,0,-35,0,-532,0,55,55,159,159,0,55,159,-48,0,0,-532,0,-532,-35,0,-555,0,0,55,159,55,159,0,-35,0,-554,0,0,-35,0,-531,0,55,159,-35,0,-532,0,55,159,-35,0,-532,0,55,159,0,-35,0,-554,0]
[52,0,0,0,0,0,0,517,517,0,0,-2104,0,-2104,0,64,64,92,92,126,159,126,159,-528,0,31,-528,0,31,-31,0,0,-31,0,-35,0,-35,0,-594,0,-594,0,0,55,159,0,0,-35,0,-555,0,55,159,-35,0,-532,0,55,159,-35,0,-555,0,55,159,0,-35,0,-555,0,55,159,0,-35,0,-555,0,55,159,0,-35,0,-532,0,55,159,55,159,0,0,-48,0,-532,0,-532,0,55,159,0,-35,0,-555,0,55,159,0,-35,-532,0,55,159,-35,-532,0,55,39,159,0,0,0,-52,0,-555,0]
[53,0,0,0,0,517,0,0,517,0,0,-2104,0,-2103,0,64,64,92,92,126,159,126,159,-528,0,31,-31,0,-35,-528,0,0,-31,0,31,-35,0,-594,0,-594,0,0,55,159,0,0,-35,0,-555,0,55,159,-35,0,-532,0,55,159,55,159,0,-35,0,0,-35,0,55,159,0,-35,0,-555,0,-532,0,-532,0,55,159,0,-35,0,55,159,55,159,-35,0,0,-35,0,55,159,0,-35,55,159,0,-35,55,159,0,-35,-555,0,-532,55,159,0,-35,-532,0,-532,0,-532,0,-532,0,55,55,159,159,-35,0,-35,0,-532,0,55,159,-35,0,55,159,-35,0,-555,0,55,159,-35,-532,0,-532,0,55,159,0,-35,0,-532,0,55,159,0,-35,0,55,159,0,-35,0,-532,0,-532,0,-555,0,55,159,55,159,-35,0,0,-35,0,-532,0,-532,0,-532,0,55,39,159,0,0,0,-35,0,-39,0,-555,0,55,159,0,-35,0,55,159,55,159,0,-48,0,-555,0,-532,0,-532,0,55,159,-35,0,-555,0]
[54,0,0,0,0,0,0,517,517,0,0,-2103,0,-2105,0,64,64,92,92,126,159,126,159,-528,0,31,-31,-528,0,0,31,-31,0,-35,0,-35,0,-594,0,-594,0,0,55,159,0,0,-35,0,-555,0,55,159,-35,0,-555,0,55,159,0,-35,0,-532,0,55,159,0,-35,0,-555,0,55,159,0,-35,0,-555,0,55,159,0,-35,0,55,159,-35,-532,0,55,159,0,-35,-532,0,55,159,0,-35,-532,0,-532,0,55,55,159,159,0,-48,0,-555,0,-532,0,55,159,0,-35,0,-532,0,55,159,-35,0,-532,0,55,159,-35,0,-532,0,55,159,0,-35,0,-532,0,55,159,-35,0,-555,0,55,159,0,-35,0,-532,0]
[55,0,0,0,0,0,0,517,517,0,0,-2104,0,-2103,0,64,64,92,92,126,159,126,159,-528,0,31,-31,0,-528,-31,0,0,31,-35,0,-35,0,-594,0,-594,0,0,55,159,0,-35,0,-555,0]
[56,0,0,0,0,517,0,0,517,0,0,-2105,0,-2105,0,64,64,92,92,126,159,126,159,-528,0,31,-31,0,0,-537,0,31,-35,0,0,-594,0,-35,0,-594,0,0,55,159,0,-35,0,-555,0,55,159,-35,0,-532,0,55,159,0,-35,0,-532,0,55,55,159,159,0,-48,0,-532,0,-532,0,55,159,0,-35,0,-532,0,55,159,55,159,55,159,55,159,-35,0,55,159,-532,0,0,-35,0,-35,0,55,159,-532,-35,0,-532,-35,0,-532,-532,0,0,-35,0,-532,55,159,-35,-532,0,55,159,0,-35,0,-532,55,159,0,-35,-532,0,55,159,-35,-532,0,55,159,0,-35,-532,0,55,159,55,159,0,-35,-35,0,-532,-532,0,55,159,0,-35,-532,0,55,159,0,-35,-532,0,55,159,-35,-532,0,55,159,-35,-532,0,55,159,0,-35,-532,0,55,159,-35,-532,0,55,159,0,-35,-555,0,55,159,-35,-532,0,55,159,0,-35,-532,0,55,159,-35,-532,0,55,159,0,-35,-532,0,55,159,0,-35,-532,0,55,159,55,55,159,159,0,-48,-35,0,-532,-532,0,-532,0,55,159,0,-35,0,-532,55,159,-35,0,-532,55,55,159,159,0,-48,-532,0,-532,0,55,159,0,0,-35,0,-555,0,55,159,55,159,-35,0,-35,0,-532,0,-532,0,55,159,0,-35,0,-532,0,55,159,0,-35,0,-555,0,55,159,-35,0,-532,0,55,159,-35,0,-532,0,55,159,0,-35,0,-532,0,55,159,0,-35,-532,0,55,159,0,-35,-532,0,55,159,0,-35,-532,0,55,159,0,-35,-532,0,55,159,55,159,55,159,0,-35,-555,0,-35,55,159,-35,-532,0,-532,-35,0,-532,55,159,55,159,-35,55,159,55,159,-35,-532,0,-532,-35,0,-35,-532,0,-533,0,55,159,55,159,-35,0,-35,0,-533,-534,0,55,159,0,-35,0,-535,55,159,0,-35,-536,0,55,159,0,-35,-543,0,55,159,0,-35,-578,0]
[57,0,0,0,0,0,0,517,517,0,0,-2104,0,-2103,0,64,92,126,159,64,92,126,159,-528,0,-31,0,31,-35,0,-594,0,-528,0,31,-31,0,-35,0,-594,0,0,0,55,159,0,0,-35,0,-555,0,55,159,0,-35,0,55,159,0,-35,-555,0,55,159,-35,-532,0,-532,0,55,159,0,-35,0,55,159,0,-35,0,55,159,214,-35,0,-35,0,55,55,159,159,-555,0,0,0,-48,0,-532,0,-532,0,55,55,55,159,159,159,0,-35,0,-48,0,-532,-532,0,-532,0,-532,0,-532,0,-532,0,55,159,55,159,-35,-35,0,-532,-532,0,55,159,-35,-531,0,55,159,0,-35,-532,0,55,159,0,-35,-532,0,55,159,0,-35,0,-555,0,55,159,0,-35,0,-532,0,55,159,0,-35,0,55,159,0,-35,0,55,159,-35,0,-532,0,-532,0,55,55,55,159,159,159,0,55,159,-61,-532,0,-35,-532,0,-532,0,-532,55,159,-35,0,-532,0,-555,0,55,159,0,-35,0,55,159,0,-35,0,-532,0,55,159,0,-35,-532,0,55,159,-35,-532,0,-532,55,159,0,-35,-532,0,55,159,-35,-532,0,55,159,0,-35,0,-555,0]
[58,0,0,0,0,0,0,517,517,0,0,-2103,0,-2104,0,64,64,92,92,126,159,126,159,-528,0,31,-528,-31,-31,0,0,0,31,-35,0,-594,-35,0,0,-594,0,0,55,159,0,0,-35,0,-555,0,55,159,-35,0,-532,0,55,159,55,159,-35,0,0,-35,0,55,159,-35,0,-555,0,-532,0,55,159,-35,0,55,159,0,-35,0,55,159,0,-35,55,159,0,-35,-532,0,-532,0,55,159,55,159,0,-35,0,0,-35,0,55,159,-35,0,55,159,0,-35,0,55,159,0,-35,-532,0,-555,0,-532,0,-532,0,-532,0,-532,0,55,159,-35,0,-532,0,-532,0,55,159,-35,-532,0,55,159,55,159,0,-35,-35,0,55,159,0,-35,-532,0,-532,55,55,159,159,55,159,-35,-35,0,-35,0,-555,0,-532,0,-532,0,-532,0,55,39,159,0,0,0,-35,0,-39,0,-555,0,55,159,55,55,159,159,0,-35,0,-35,0,-35,0,-555,0,-532,0,-532,0,-555,0,55,159,0,-35,0,-555,0]
[59,0,0,0,0,0,0,517,517,0,0,-2103,0,-2105,0,64,92,126,159,64,92,126,159,-528,0,31,0,-44,0,0,-594,0,-537,0,-35,0,31,-594,0,0,0,55,159,0,0,-35,0,-555,0,55,159,0,-35,0,-532,0,55,159,0,-35,0,-532,0,55,159,0,-35,55,159,0,-35,-532,0,-532,0,55,159,0,-35,0,-555,0,55,159,-35,0,-532,0,55,159,-35,0,-532,0,55,159,-35,0,-532,0,55,159,0,-35,0,-532,0,55,159,0,-35,0,-532,0,55,159,0,-35,-532,0,55,159,0,-35,-532,0,55,159,0,-35,55,159,-532,0,-35,0,-532,0,55,159,0,-35,0,-531,0,55,159,0,-35,0,-532,0,55,159,0,-35,0,-532,0,55,159,0,-35,0,-532,0,55,159,55,159,0,-35,0,-35,0,-555,-532,0,55,159,0,-35,0,-532,0,55,159,0,-35,0,-555,0,55,159,55,159,-35,0,-532,0,0,-35,0,-532,0,55,159,-35,0,-532,0,55,159,0,-35,-532,0,55,159,55,159,55,159,0,-35,-48,0,-532,-532,0,-532,0,55,159,0,55,159,-35,0,-532,0,55,159,0,-35,0,-532,0,-35,0,-532,0,55,159,0,-35,0,-532,0,55,159,55,159,0,-35,0,-532,0,0,55,159,-35,-532,0,-35,0,-532,0,55,159,55,159,-35,-532,0,-35,0,-532,0,55,159,55,55,55,55,55,214,795,-35,0,0,-48,0,-74,0,-532,0,-532,0,-532,0,-532,0,-532,0,-532,0,-532,0,55,159,55,159,-35,-532,0,-35,-532,0,55,55,159,159,-35,-35,-532,0,-532,0,55,159,-35,0,-532,0,55,159,55,159,0,-35,0,-35,0,-532,0,-532,0,55,159,0,-35,0,-532,0,55,159,-35,0,55,159,-532,-35,0,-532,55,159,55,159,-35,-532,0,-35,-532,0,55,55,55,159,159,159,0,-61,-533,0,-533,-534,0,55,159,-35,-535,0,55,159,-35,-536,0,55,159,-35,-543,0,55,159,0,-35,-578,0,55,159,0,-35,-532,0,55,159,0,-35,-532,0,55,159,0,-35,-555,0,55,159,0,-35,-532,0,55,159,0,-35,-555,0]
[60,0,0,0,0,517,0,0,517,0,0,-2105,0,-2103,0,64,92,126,159,64,92,126,159,-528,-31,0,0,31,-35,0,-594,0,0,-537,0,31,-35,0,-594,0,0,0,55,159,0,0,-35,0,-555,0,55,159,0,-35,-532,0,55,159,55,159,0,-35,0,0,-532,0,-35,0,-555,0,55,159,0,-35,-532,0]
[61,0,0,0,0,517,0,0,517,0,0,-2104,0,-2103,0,64,64,92,92,126,159,126,159,-528,0,31,-528,0,-31,0,31,0,-31,0,-35,0,-35,0,-594,0,-594,0,55,159,-35,0,-555,0,55,159,0,-35,0,-532,0,55,159,0,0,-35,0,-555,0,55,159,-35,0,-532,0,55,159,55,159,-35,0,-555,0,-35,0,-532,0,55,159,0,-35,-532,0,55,159,0,-35,-532,0,55,159,-35,-532,0,55,55,159,159,55,159,-35,-35,0,-532,55,159,-532,-35,0,-532,-35,0,-532,0,55,159,-35,0,-532,0,55,159,-35,0,-532,55,159,-35,0,-532,0,55,159,214,0,-35,0,-35,0,-532,-532,0]
[62,0,0,0,0,517,0,0,517,0,-2103,0,0,64,92,126,159,-528,0,-31,0,-2105,0,31,-35,0,-594,0,64,92,126,159,0,-550,0,31,-594,0,0,0,55,159,0,0,-35,0,-555,0,55,159,0,-35,0,-532,0,55,159,0,-35,0,-531,0,55,159,55,159,-35,0,0,-35,0,-555,0,55,159,0,-35,-532,0,-532,55,55,159,159,0,-48,-532,0,-532,0,55,159,0,-35,-532,0,55,159,-35,0,-532,0,55,159,0,-35,0,-555,0,55,159,-35,0,-532,0,55,159,0,-35,0,-532,0,55,159,0,-35,0,-532,0,55,159,214,-35,0,-35,0,-532,0,-532,0,55,159,0,-35,0,-532,55,159,0,-35,-532,0,55,159,-35,-532,0]
[63,0,0,0,0,0,0,517,517,0,0,-2105,0,-2104,0,64,64,92,92,126,159,126,159,-528,0,31,-528,-31,0,0,31,0,-31,0,-35,0,-35,0,-594,0,-594,0,0,55,159,0,0,-35,0,-555,0,55,159,-35,0,-532,0,55,159,0,-35,0,-532,0,55,159,0,-35,0,-532,0,55,159,-35,0,-555,0,55,159,55,159,0,0,0,-35,0,-35,-555,0,-532,0,55,159,-35,-532,0,55,159,0,-35,-532,0,55,159,-35,-532,0,55,159,-35,-555,0]
[64,0,0,0,0,0,0,517,517,0,-2104,0,0,-2105,0,64,92,126,159,-528,0,-31,0,-35,0,-594,0,64,31,92,126,159,-528,0,31,-31,0,-35,0,-594,0,0,0,55,159,0,0,-35,0,-555,0,55,159,0,-35,0,-555,0,55,159,-35,0,-555,0,55,159,55,159,55,159,55,159,0,-35,0,-35,0,-35,0,0,-35,0,55,159,55,159,-35,0,-35,0,-554,0,-532,0,-555,0,-532,0,-532,0,-532,0,55,159,0,-35,0,-555,0]
[65,0,0,0,0,0,0,517,517,0,0,-2103,0,-2104,0,64,64,92,92,126,159,126,159,-528,0,31,-31,0,-528,0,-31,0,31,-35,0,-35,0,-594,0,-594,0,0,55,159,0,0,-35,0,-555,0,55,159,0,-35,0,-532,0,55,159,0,-35,0,-532,0,55,159,0,-35,0,-555,0,55,159,55,159,0,0,-35,0,-35,-555,0,-532,0,55,159,0,-35,-555,0,55,159,55,159,0,-35,-35,-532,-532,0,55,159,55,159,-35,-35,-532,0,-532,0,55,159,-35,0,-555,0,55,159,-35,0,-532,0]
[66,0,0,0,0,517,0,0,517,0,0,-2103,0,-2103,0,64,92,126,159,64,92,126,159,-528,-31,0,0,31,0,-35,0,-593,0,0,-537,0,31,-35,0,-593,0,0,0,55,159,0,0,-35,0,-555,0,55,159,0,-35,0,-532,0,55,55,159,159,-35,0,-35,0,-555,0,-532,0,55,159,55,159,0,-35,0,-35,0,-555,0,-532,0,55,159,0,-35,0,-532,0,55,159,0,-35,0,-532,0,55,159,0,-35,0,55,159,0,-35,-532,0,-531,0,55,159,0,-35,0,-532,0,55,159,-35,0,-532,0,55,159,55,159,-35,0,-532,0,55,159,-35,0,-532,0,-35,0,-532,0,55,159,55,159,55,159,-35,0,-532,0,-35,0,-35,0,-531,0,-532,0,55,159,55,159,55,159,55,159,-35,0,-35,-35,0,-35,-532,0,-532,55,55,55,159,159,159,-532,0,-48,0,-35,-531,-532,0,-532,-531,0,55,159,55,159,55,159,0,-35,-48,0,-531,-531,0,-531,55,159,-35,-531,0,55,214,159,-35,-35,0,-532,-532,0,55,159,-35,55,159,-531,0,-35,0,-531,55,159,55,159,55,159,-35,-35,0,-531,-35,0,-531,-531,0,55,159,55,159,0,-35,-35,0,-531,-531,0,55,159,-35,-554,0,55,159,0,-35,-532,0,55,159,0,-35,-532,0,55,159,0,-35,-532,0,55,159,-35,-532,0,55,159,0,-35,-532,0,55,159,55,159,-35,0,-35,0,-532,55,159,55,159,0,-35,-532,0,-35,-532,0,55,159,55,159,55,159,0,-35,-48,-532,0,-531,-532,0,-531,0,55,159,-35,-531,0,55,159,0,-35,0,-532,0,55,159,-35,0,-532,0,55,159,-35,0,-532,0,55,159,-35,0,-532,0,55,159,-35,0,-556,0,55,159,-35,0,-534,0,55,159,-35,0,-535,0,55,159,0,-35,0,-536,0,55,159,-35,0,-543,0,55,159,0,-35,0,-577,0,55,159,0,-35,0,55,159,0,-35,0,-532,0,-532,0,55,159,0,-35,0,-532,0,55,159,-35,0,-554,0,55,159,-35,0,-532,0]
[67,0,0,0,0,0,0,517,517,0,0,-2104,-2104,0,0,64,64,92,92,126,159,126,159,-528,0,31,-528,0,-31,31,0,-31,0,0,-35,0,-35,0,-594,0,-594,0,0,55,159,0,0,-35,0,-555,0,55,159,0,-35,0,-532,0,55,159,-35,0,-555,0,55,159,-35,0,-532,0,55,159,-35,-532,0,55,159,0,-35,-532,0,55,159,0,-35,-532,0,55,159,0,-35,-555,0,55,159,0,-35,-532,0,55,159,0,-35,-532,0,55,159,-35,-532,0,55,55,55,159,159,159,55,55,55,55,0,636,0,-61,-74,0,-532,-532,0,55,159,-532,55,-532,159,-532,-532,0,-532,-35,0,-35,-532,0,-532,0,55,159,0,-35,0,55,159,-35,0,-532,0,55,159,55,159,55,-35,159,-35,0,-532,0,-35,0,-532,-532,0,55,159,0,-35,-532,0,55,159,0,-35,0,-555,-532,0,55,159,-35,0,-532,0,55,159,0,-35,0,-532,0]
[68,0,0,0,0,0,0,517,517,0,0,-2103,0,-2104,0,64,92,126,159,64,92,126,159,-528,-31,0,0,31,-35,0,-594,0,-528,-31,0,0,31,0,-35,0,-594,0,0,0,55,159,0,0,-35,0,-555,0,55,159,0,-35,0,-555,0,55,159,-35,0,-555,0,55,159,-35,0,-532,0,55,159,-35,0,-532,0,55,159,-35,-532,0,55,159,-35,-532,0,55,159,0,-35,-532,0,55,159,0,-35,0,55,159,0,-35,0,-532,0,-532,0,55,159,-35,0,-532,0,55,159,0,-35,0,-555,0,55,159,0,-35,0,-532,0,55,159,-35,0,-532,0,55,159,0,-35,0,-555,0,55,159,0,-35,0,-532,0]
[69,0,0,0,0,517,0,0,517,0,0,-2105,0,-2104,0,64,92,64,126,159,92,126,159,-528,0,31,-31,0,-35,0,-528,0,31,-31,0,-594,0,-35,0,-594,0,0,55,159,0,-35,0,-555,0,55,159,-35,0,-532,0,55,159,0,-35,0,-532,0,55,159,-35,0,-532,0,55,159,0,-35,0,-532,0,55,159,-35,-532,0,55,159,-35,-532,0,55,159,-35,-532,0,55,159,-35,-532,0,55,159,-35,-555,0]
[70,0,0,0,0,517,0,0,517,0,0,-2103,0,-2104,0,64,64,92,92,126,159,126,159,-528,0,31,-31,0,-35,0,-528,0,-31,0,31,-594,-35,0,0,-594,0,0,55,159,0,0,-35,0,-555,0,55,159,-35,0,-555,0,55,214,373,214,0,-35,0,-61,0,-555,0,-532,0,-532,0,-532,0,55,159,-35,0,-532,0,55,159,55,55,55,55,159,318,159,0,-35,-74,-532,-532,0,-532,0,-532,0,-532,0,55,55,159,159,-35,0,-35,0,-532,0,-532,0,55,159,0,-35,0,-532,0,55,159,0,-35,0,-532,55,159,55,159,0,-35,-532,0,-35,-532,0,55,159,-35,55,159,-532,-35,0,55,159,-532,-35,0,55,159,-532,-35,0,-532,55,159,55,159,-35,-532,0,-35,-532,0,55,159,-35,55,159,-532,-35,0,-532,55,159,0,-35,-532,0,55,159,0,-35,-532,0,55,159,-35,-532,0,55,159,-35,-532,0,-532,55,159,0,-35,-532,0,55,159,-35,-532,0,55,159,-35,-532,0,55,159,-35,-532,0,55,159,55,159,-35,-35,-532,0,-532,0,55,159,0,-35,0,-532,0,55,159,0,-35,0,55,159,55,55,55,159,159,159,0,0,-35,-61,-532,-532,0,-532,-532,0,55,159,55,159,-35,-555,0,-35,-532,0,55,159,0,-35,-532,0,55,159,0,-35,-532,0,55,159,0,-35,-532,0,55,159,0,-35,-532,0,55,159,-35,-532,0,55,159,55,159,55,159,0,-35,-35,-532,0,-35,-532,0,-532,0,-555,0,55,159,-35,0,-532,0,55,159,-35,0,-555,0,55,159,0,-35,0,-533,0,55,159,-35,0,-533,0,55,159,-35,-534,0,55,159,55,55,55,159,318,0,-35,0,-61,0,-535,0,-543,0,-535,-555,0,55,159,0,-35,-532,0,55,159,55,159,-35,-35,0,-532,-532,0,55,159,-35,-532,0,55,159,-35,-532,0,55,159,0,-35,-532,0,55,159,-35,0,-532,0,55,159,0,-35,0,-532,0,55,159,0,-35,0,-555,0,55,159,0,-35,0,-532,0,55,159,0,-35,0,-532,0,55,159,0,-35,-532,0,55,159,55,55,55,159,159,159,-35,-532,0,0,-35,-48,0,-532,-532,0,-532,0,55,159,0,-35,0,-532,0,55,159,-35,0,-532,55,159,0,-35,0,-532,55,159,0,-35,0,-532,0,55,159,0,-35,0,-555,0,55,159,0,-35,-532,0,55,159,0,-35,-532,0,55,159,55,159,55,55,55,55,159,318,-35,373,-532,0,-35,0,0,0,-74,-35,0,-532,-532,0,-532,-532,0,-532,-532,0,55,159,0,-35,-532,0,55,159,0,-35,-532,0,55,159,0,-35,-532,0,55,159,0,-35,-532,0,55,159,0,-35,-532,0,55,159,0,-35,-532,0,55,159,-35,-532,0,55,159,-35,-532,0,55,159,-35,-532,0,55,159,-35,-555,0,55,159,-35,-532,0]
[71,0,0,0,0,517,0,0,517,0,0,-2105,0,-2105,0,64,92,126,159,-528,0,31,-31,0,-35,0,64,92,126,-594,0,159,-528,-31,0,0,31,-35,0,-594,0,0,0,55,159,0,0,-35,0,-555,0,55,159,0,-35,0,-532,0,55,159,55,159,0,-48,0,-532,0,-532,0,55,55,159,159,-35,0,-35,0,-532,0,-532,0,55,159,-35,0,-532,0,55,159,0,55,55,159,159,55,159,-35,0,-48,-35,-532,-532,0,-555,0,55,159,-35,0,55,159,55,159,0,-48,0,-532,0,-532,0,55,159,0,0,-35,0,-555,0,55,159,-35,0,55,159,-35,0,55,159,-35,-532,0,55,159,-35,-532,0,-532,-532,0,55,159,-35,55,159,-35,-532,0,55,159,0,-35,0,55,159,0,-35,0,-555,0,-532,0,55,159,0,-35,0,-532,0,-532,0,55,159,-35,0,-532,0,55,159,0,-35,0,-532,0,-532,0,-532,0,55,159,0,-35,0,-555,0,55,159,-35,0,55,159,-35,0,55,159,-35,0,-532,0,-532,0,-555,0,55,159,55,55,55,55,55,55,55,55,0,1272,-35,0,-532,0,0,0,-74,0,-74,0,-532,0,-532,-532,0,-532,-532,0,-532,-532,0,-532,0,55,159,0,-35,0,-532,0,55,159,0,-35,0,-532,0,55,159,-35,0,-555,0,55,159,0,-35,0,-532,0,55,159,0,-35,0,-532,0,55,159,0,-35,0,-555,0]
[72,0,0,0,0,0,0,517,517,0,0,-2105,0,-2105,0,64,64,92,92,126,159,126,159,-528,0,31,-528,0,-31,0,31,0,-31,0,-35,0,-35,0,-594,0,-594,0,0,55,159,0,0,-35,0,-555,0,55,159,0,-35,0,-532,0,55,159,0,0,-35,0,-555,0,55,159,55,159,0,-35,0,0,-35,0,-532,0,-532,0,55,159,0,-35,0,-555,0,55,159,0,-35,0,-532,0,55,159,0,-35,0,-532,0,55,55,55,55,55,159,318,318,0,-35,-74,0,-532,-532,0,-532,55,159,55,159,0,-35,0,-35,0,-532,-532,0,-532,0,-532,0,55,159,55,159,-35,0,-35,0,-532,-532,0,55,159,-35,0,-532,0,55,159,0,-35,0,55,159,0,-35,0,55,159,-555,0,0,-35,0,55,159,-532,0,0,-35,0,-532,0,-532,0,55,159,0,-35,0,-555,0]
[73,0,0,0,0,0,0,517,517,0,0,-2104,0,-2104,0,64,64,92,92,126,159,126,159,-528,0,31,-31,0,-528,0,-31,0,31,0,-35,0,-35,0,-594,0,-594,0,0,0,55,159,0,0,-35,0,-555,0,55,159,-35,0,-532,0,55,159,0,-35,0,-532,0,55,55,159,159,0,-48,-532,0,-532,0,55,159,-35,-532,0,55,159,-35,0,-555,0,55,159,0,-35,0,-532,0,55,159,0,-35,0,-532,0,55,159,0,-35,0,-532,0,55,159,55,159,-35,0,-532,0,-35,-532,0,55,159,-35,0,-532,0,55,159,-35,55,159,-532,-35,0,-532,0,55,159,55,159,55,159,55,159,55,159,-35,0,-35,0,-532,0,-532,-35,0,0,-48,0,-532,-532,0,-532,0,55,159,55,159,-35,-35,-532,0,-532,0,55,159,-35,0,-532,0,55,159,-35,-532,0,55,159,0,-35,0,-555,0,55,159,-35,-532,0,55,159,0,-35,-532,0,55,159,55,159,0,-35,-35,-532,-532,0,55,159,-35,-532,0,55,159,-35,-532,0]
[74,0,0,0,0,517,0,0,517,0,0,-2104,0,-2104,0,64,92,126,159,-528,-31,0,0,-35,0,64,-594,0,31,92,126,159,-528,0,31,-31,0,0,-35,0,-594,0,0,0,55,159,0,0,-35,0,-555,0,55,159,-35,0,-532,0,55,159,0,-35,0,-532,0,55,159,0,-35,-532,0,55,159,0,-35,-555,0,55,159,0,-35,-532,0,55,159,-35,-532,0,55,159,0,-35,-532,0,55,159,0,-35,-532,0,55,159,55,159,-35,-532,-35,0,-532,55,159,55,159,-35,-532,0,-35,-532,0,55,55,159,159,-35,-35,0,-532,-532,0,55,159,-35,-532,0,55,159,-35,-532,0,55,159,55,159,55,55,55,159,159,159,0,-35,-35,0,-61,-532,-532,0,-532,-532,0,-532,55,159,-35,-532,0,55,159,0,-35,-532,0,55,55,55,55,159,159,318,0,-35,-61,0,-532,-532,0,-532,-532,0,55,159,-35,-532,0,55,159,0,-35,-532,0,55,159,55,159,-35,-532,0,-35,-532,0,55,159,0,-35,-532,0,55,159,55,159,0,-48,-532,0,-532,0,55,159,0,-35,0,-532,0,55,159,0,-35,0,-532,0]
[75,0,0,0,0,0,0,517,517,0,0,-2104,0,-2103,0,64,92,126,159,64,92,126,159,0,-537,0,0,31,-35,0,0,-594,0,-550,0,31,-594,0,0,0,55,159,0,0,-35,0,-555,0,55,159,-35,0,-555,0,55,159,-35,0,-532,0,55,159,0,-35,0,55,159,0,-35,-532,0,-532,55,159,-35,-532,0,55,159,-35,-532,0,55,159,0,0,-35,0,-555,0,55,159,0,-35,-555,0,55,159,55,159,0,-48,-532,0,55,159,0,-35,-532,0,55,159,-35,-532,0,-532,0,55,159,-35,0,55,159,-35,0,-532,0,-532,0]
[76,0,0,0,0,517,0,0,517,0,0,-2105,0,-2105,0,64,92,126,159,-528,0,-31,0,64,-35,0,31,92,126,159,-594,0,-528,0,31,-31,0,-35,0,-594,0,0,0,55,159,0,0,-35,0,-555,0,55,159,-35,0,-532,0,55,159,55,159,55,159,-35,0,0,-35,0,-35,0,-555,0,-532,0,-555,0,55,159,0,-35,0,55,55,55,55,159,159,159,159,0,-35,0,-61,0,-533,-533,0,55,159,-35,0,-533,-532,0,-533,55,159,0,-35,0,55,159,-35,0,55,159,0,-35,0,55,159,0,-35,-532,0,-532,55,159,-35,-532,0,55,159,55,159,0,-35,-35,0,55,159,-35,-532,0,-532,-532,0,-555,0,55,159,0,-35,0,55,159,0,-35,0,-532,0,-532,0,55,159,-35,0,55,159,-35,0,-532,-532,0,55,159,55,159,-35,-35,0,-532,55,159,0,-35,0,-532,-532,0,-532,0,-532,55,159,0,-35,0,55,159,0,-35,0,-532,0,-555,0,55,159,0,-35,0,55,159,0,-35,0,55,39,159,0,0,0,-35,0,-39,0,-555,0,-532,0,-532,0,55,159,-35,0,-555,0,55,159,0,-35,0,-555,0,55,159,0,-35,0,-532,0,55,159,0,-35,0,-532,0,55,159,55,55,159,159,0,-35,0,-48,0,-532,0,-532,-532,0,55,159,55,55,55,55,159,159,159,159,0,0,-35,0,-74,0,-532,-532,0,-532,-532,0,-532,0,55,55,159,159,0,-48,0,-555,0,55,159,0,-35,0,55,159,55,159,0,-48,-532,0,-532,55,159,0,-35,55,159,0,-35,55,159,0,-35,-532,0,-532,55,159,0,-35,-533,0,55,159,0,-35,55,159,-532,0,-35,0,-532,55,159,0,-35,-533,0,55,159,0,-35,-532,0,55,159,0,-35,-533,0,-533,-534,0,55,159,55,159,-35,-35,0,-535,-543,0,55,159,0,-35,55,159,0,-35,-555,0,-532,55,159,-35,-532,0,55,159,-35,-532,0,55,159,-35,-532,0,55,159,-35,-532,0,55,159,-35,-532,0,-532,0,55,159,0,-35,0,-532,0,55,159,-35,0,-532,55,159,-35,-532,0,55,159,0,-35,0,-555,0,55,159,0,-35,55,159,-35,-532,0,-532,55,159,-35,-532,0,55,159,-35,0,55,159,0,-35,0,-532,0,55,159,0,-35,0,-532,0,-532,0,55,159,0,-35,0,-532,55,159,-35,-532,0,55,159,0,-35,-532,0,55,159,0,-35,-532,0,55,159,-35,-532,0,55,159,0,-35,-532,0,55,159,0,-35,-532,0,55,159,-35,-532,0,55,159,0,-35,-532,0,55,159,0,-35,-533,0,55,159,0,-35,-533,0,55,159,-35,-532,0,55,159,-35,-555,0,55,159,0,-35,-532,0,55,159,0,-35,-532,0,55,55,159,159,0,-48,-532,0,-532,0,55,159,0,-35,0,-532,55,159,0,-35,0,-532,55,159,0,-35,0,-532,55,159,0,55,159,-35,-532,0,0,-35,-532,0,55,159,55,159,0,-35,-35,-532,0,-532,55,159,0,-35,-532,0,55,159,-35,-532,0,55,159,0,-35,-532,0]
[77,0,0,0,0,0,0,517,517,0,0,-2103,0,-2105,0,64,92,126,159,64,92,126,159,0,-537,0,31,-35,0,-528,-31,0,0,31,-594,0,-35,0,-594,0,0,0,55,159,0,0,-35,0,-555,0,55,159,0,-35,0,-532,0,55,159,55,159,0,0,0,-35,0,-35,0,-555,0,-555,0,55,159,-35,55,-532,159,55,159,-35,-35,-532,0,-532,0,55,214,159,0,-48,0,-532,0,-532,0,55,159,-35,-555,0,55,159,0,-35,0,-555,0,55,159,55,159,-35,0,-35,0,-532,0,-532,0,55,159,0,-35,0,-532,0,55,159,0,-35,0,-532,0,55,159,-35,0,-555,0,55,159,0,-35,0,-532,0,55,159,-35,0,-532,0,55,159,0,-35,0,-532,0,55,159,0,-35,0,-532,0,55,159,0,-35,0,-532,0,55,159,0,-35,0,-532,0,55,159,0,-35,0,-532,0]
[78,0,0,0,0,0,0,517,517,0,0,-2103,0,-2104,0,64,64,92,92,126,159,126,159,-528,0,31,-31,0,-528,-31,0,0,31,-35,0,-35,0,-594,0,-594,0,0,55,159,0,-35,0,-555,0,55,159,0,-35,0,-532,0,55,55,159,159,0,-48,0,-555,0,-532,0,55,159,0,-35,0,-532,0,55,159,55,159,0,-35,0,-35,-532,-532,0,55,159,0,-35,-532,0,55,159,55,159,-35,-35,0,-532,-532,0,55,55,55,159,159,159,0,-61,-532,0,-532,-532,0,55,159,-35,-532,0,55,159,0,-35,-532,0,55,159,-35,-555,0,55,159,-35,-532,0,55,159,-35,-532,0,55,159,-35,-532,0,55,159,0,-35,-532,0,55,159,-35,-532,0,55,159,0,-35,-555,0,55,159,0,-35,-532,0,55,159,0,-35,-532,0,55,159,0,-35,-555,0,55,159,0,-35,-555,0,55,159,0,-35,-555,0,55,159,0,-35,-555,0]
[79,0,0,0,0,0,0,517,517,0,0,-2104,0,-2104,0,64,64,92,92,126,159,126,159,-528,0,31,-528,0,-31,31,0,-31,0,0,-35,0,-35,0,-594,0,-594,0,0,55,159,0,-35,0,-555,0,55,159,-35,0,-532,0,55,159,55,159,0,-35,0,-35,0,-555,0,-532,0,55,159,0,-35,0,-532,0,55,159,0,-35,0,-532,0,55,159,-35,0,-555,0,55,55,159,159,-35,0,-35,0,-532,0,-532,0,55,159,0,-35,0,-532,0,55,159,0,-35,0,55,159,-532,55,159,-35,-532,0,55,55,159,159,-35,-532,0,0,-48,55,159,-532,-532,0,0,-35,-532,0,55,159,0,-35,-532,0,55,159,0,-35,-532,0,55,159,55,159,55,159,0,-35,-35,0,-35,-532,0,-532,-532,0,55,159,0,-35,-532,0,55,159,0,-35,-532,0,55,159,0,-35,-555,0,55,159,-35,-532,0]
[80,0,0,0,0,0,0,517,517,0,0,-2103,0,-2104,0,64,92,126,159,64,92,126,159,-528,-31,0,0,31,-35,0,-594,0,0,-537,0,31,-35,0,-594,0,0,0,55,159,0,0,-35,0,-555,0,55,159,0,-35,0,-555,0,55,159,0,-35,0,-555,0,55,159,0,-35,0,-532,0,55,159,0,-35,0,55,159,0,-35,55,55,55,159,318,0,-61,-555,0,-532,55,159,0,-35,-532,0,55,159,-35,-532,0,-532,0,55,159,0,-35,0,55,159,0,55,159,-35,0,55,159,0,-35,0,-555,0,-35,0,-532,0,-532,0,-532,0,-532,0,55,159,-35,0,-532,55,159,-35,-532,0,-532,0,55,159,0,-35,0,-555,0,55,159,55,159,0,-35,0,-532,0,-35,0,-532,0,55,159,-35,0,-532,0,55,159,-35,0,-532,0,55,159,0,-35,-532,0,55,159,-35,0,-555,0]
[81,0,0,0,0,517,0,0,517,0,0,-2105,0,-2105,0,64,92,64,126,159,92,126,159,-528,0,31,-31,0,-35,0,0,-537,0,31,0,-594,0,-35,0,-594,0,0,55,159,0,0,-35,0,-555,0,55,159,-35,0,-532,0,55,159,0,-35,0,-555,0,55,159,55,159,0,-35,0,-532,0,-35,0,-532,0,55,55,159,159,-35,-35,0,-532,-532,0,55,159,0,-35,-532,0,55,159,-35,-555,0,55,159,-35,-532,0,55,159,0,-35,-532,0,55,159,0,-35,-532,0,55,159,0,-35,-532,0,55,159,0,-35,-532,0,55,159,0,-35,-532,0,55,159,0,-35,-532,0,55,159,-35,-532,0,55,159,55,159,0,-35,-35,0,-555,-532,0,55,159,0,-35,-532,0,55,55,159,159,0,-48,-532,0,-532,55,55,159,159,0,-48,-532,0,-532,55,159,0,-35,-532,0,55,159,0,0,-35,0,-555,0,55,159,0,-35,-532,0,55,159,55,159,0,-35,-35,0,-532,-532,0,55,159,0,-35,-532,0,55,159,-35,-532,0,55,55,159,159,0,-48,-532,0,-532,55,159,0,-35,-532,0,55,159,-35,-532,0,55,159,0,-35,-532,0,55,159,-35,-532,0,55,159,-35,-532,0,55,159,-35,-532,0,55,159,-35,-532,0,55,159,55,159,0,-35,-532,0,-35,-532,0,55,159,0,-35,-532,0,55,159,0,-35,-532,0,55,159,-35,-555,0,55,159,0,-35,-532,0,55,159,-35,-532,0,55,159,-35,-532,0,55,159,0,-35,-532,0,55,159,-35,-555,0,55,159,-35,-532,0]
[82,0,0,0,0,0,0,517,517,0,0,-2105,0,-2103,0,64,64,92,92,126,159,126,159,-528,0,31,-528,-31,0,0,31,-31,0,-35,0,-35,0,-594,0,-594,0,0,55,159,0,0,-35,0,-555,0,55,159,0,-35,0,-555,0,55,159,-35,0,-555,0,55,159,-35,0,-555,0,55,159,55,159,0,-48,0,-532,0,-532,0,55,214,159,-35,0,-35,0,-555,0,55,159,0,-35,-532,0,55,159,0,-35,55,159,55,159,0,-35,-35,0,55,159,-35,55,159,0,-35,-532,0,-532,55,159,-35,55,159,-35,-532,0,55,159,-35,-532,0,55,159,0,-35,-555,0,-532,-532,0,-532,0,-532,0,55,159,0,-35,0,-532,0,55,159,-35,0,-532,0,-532,0,55,159,-35,0,-555,0,55,159,55,159,0,-35,0,-35,0,-532,0,-532,0,55,159,0,-35,0,55,159,0,-35,0,-532,0,-555,0]
[83,0,0,0,0,517,0,0,517,0,0,-2105,0,-2104,0,64,64,92,92,126,159,126,159,-528,0,31,-31,0,0,-528,-31,0,0,31,-35,0,-35,0,-594,0,-594,0,0,55,159,0,-35,0,-555,0,55,159,55,159,0,-35,0,0,-35,0,-532,0,-532,0,55,159,0,-35,0,-532,0,55,159,0,-35,0,-532,0,55,159,0,-35,0,-555,0,55,159,0,-35,0,55,159,-532,0,-35,0,-532,0,55,159,0,-35,0,-532,0,55,159,-35,0,-532,0,55,159,0,-35,0,-532,0,55,159,-35,-532,0,55,159,55,159,-35,-35,-532,0,-532,55,159,55,159,0,-35,0,-35,0,-532,-532,0,55,159,55,159,0,-35,0,-35,0,-532,-532,0,55,159,0,-35,-532,0,55,159,0,-35,-532,0,55,159,0,-35,-532,0,55,159,55,159,0,-35,-532,0,0,-35,-532,0,55,159,-35,55,159,-35,-555,0,-532,0,55,159,-35,0,-532,0,55,159,55,159,0,-48,0,-532,0,-532,0,55,159,0,-35,0,-532,0,55,159,0,-35,0,-532,0,55,159,55,159,0,-48,0,-532,-532,0,55,159,0,-35,0,-532,0,55,159,0,-35,0,-555,0,55,159,55,39,159,-35,0,0,0,0,-52,0,-532,0,-555,0,55,159,-35,0,-532,0,55,159,0,-35,0,55,-555,0,159,55,159,0,-35,0,-35,0,-532,0,-532,0]
[84,0,0,0,0,0,0,517,517,0,0,-2103,0,-2105,0,64,64,92,92,126,159,126,159,-528,0,31,-31,-528,-31,0,0,0,0,31,-35,0,-35,0,-594,0,-594,0,0,55,159,0,0,-35,0,-555,0,55,159,0,-35,0,-532,0,55,159,-35,0,-532,0,55,159,0,-35,0,-532,0,55,159,0,-35,0,-532,0,55,159,0,-35,0,-532,0,55,159,0,-35,-532,0,55,159,0,-35,0,-532,0,55,159,0,-35,0,-555,0,55,159,-35,0,-532,0]
[85,0,0,0,0,517,0,0,517,0,0,-2103,0,-2105,0,64,64,92,92,126,159,126,159,-528,0,31,-31,0,-528,0,31,-35,0,-31,0,0,-35,0,-594,0,-594,0,0,55,159,0,0,-35,0,-555,0,55,159,-35,0,-532,0,55,159,-35,0,-532,0,55,159,-35,-532,0,55,55,55,159,159,159,0,-35,-48,-532,-532,-532,0,55,159,0,-35,-532,0,55,159,0,-35,-532,0,55,159,0,-35,-532,0,55,55,159,159,-35,-35,0,-555,-532,0,55,159,0,0,-35,0,-555,0,55,159,0,-35,-532,0,55,159,-35,-532,0,55,159,-35,-532,0,55,159,-35,-532,0,55,159,-35,-532,0,55,159,-35,-532,0]
[86,0,0,0,0,517,0,0,517,0,0,-2103,0,-2104,0,64,64,92,92,126,159,126,159,-528,0,31,-31,0,0,-528,0,-31,31,0,0,-35,0,-35,0,-594,0,-594,0,0,55,159,0,0,-35,0,-555,0,55,159,-35,0,-555,0,55,159,0,-35,0,55,159,0,-35,0,-532,0,-555,0,55,159,0,-35,0,-555,0,55,159,165,1761,0,-35,0,-139,0,-532,0,-532,0,-532,0,-532,0,-532,0,-532,0,55,159,-35,0,-532,0,55,159,55,159,-35,-35,-532,0,-532,55,159,0,-35,-532,0,55,159,55,159,0,-35,0,-35,-532,0,-532,55,159,55,159,0,-35,-35,0,-532,-532,0,-532,-532,0,55,159,0,-35,-532,0,55,159,214,-35,-35,0,-532,-532,0,-532,-532,0,55,159,-35,-532,0,55,159,55,159,214,0,-48,-35,-532,0,-532,-532,0,55,159,0,-35,-532,0,55,214,159,55,159,-35,-35,0,-532,-532,0,-35,-532,0,55,159,0,-35,-532,0,55,159,-35,-532,0,55,159,-35,-532,0,55,159,-35,-555,0,55,159,0,-35,-532,0,55,159,0,-35,55,159,55,55,159,159,-35,-48,0,-532,-532,0,-532,0,-532,0,55,159,0,-35,0,-555,0,55,159,0,-35,0,-532,0,55,159,-35,0,-555,0,55,159,55,159,-35,0,-555,0,0,-35,0,-532,0,55,159,0,-35,0,-532,0,55,159,0,-35,0,-532,0,55,159,55,159,-35,0,-532,0,0,-35,0,55,159,-35,-532,0,-533,0,55,159,0,-35,0,-533,0,55,159,55,159,0,-35,0,-35,0,-558,0,-543,0,55,159,0,-35,0,-555,0,55,159,-35,0,-532,0,55,159,0,-35,-532,0,55,159,0,-35,-532,0,55,159,0,-35,-532,0,55,159,-35,-532,0,55,55,159,159,0,-48,-532,0,55,-532,159,-35,-532,0,55,159,0,-35,-532,0,55,159,55,159,0,-48,-532,0,-532,55,159,-35,-532,0,55,159,0,-35,-532,0,55,159,0,-35,-532,0,55,55,159,159,0,0,-48,-532,0,55,39,159,0,0,0,-35,0,-39,0,-555,0,55,159,0,-35,-532,0,55,159,0,-35,-532,0,-532,55,159,55,159,0,-35,0,-35,0,-555,0,-532,0,55,159,-35,0,-532,0,55,159,55,159,-35,0,0,-35,0,-532,0,-532,0,55,159,0,-35,0,-532,0,55,159,0,-35,0,55,159,0,-35,0,-532,55,159,0,-35,-555,0,55,159,0,-35,-532,0,-532,0,55,159,55,159,0,0,-48,0,-532,0,-532,0]
[87,0,0,0,0,0,0,517,517,0,0,-2103,0,-2105,0,64,92,126,159,0,-537,0,-35,0,64,31,92,126,159,-594,0,-528,-31,0,0,31,-35,0,-594,0,0,0,55,159,0,0,-35,0,-555,0,55,159,0,-35,0,-532,0,55,159,0,-35,0,55,159,0,-35,0,-532,0,-532,0,55,159,0,-35,0,-555,0,55,110,905,55,55,55,159,159,159,0,-35,0,0,-113,0,-532,0,-532,-532,0,-532,-532,0,55,159,-35,0,-532,0,-532,0,55,159,0,-35,-532,0,55,159,0,-35,-532,0,55,159,55,159,-35,55,159,-532,0,-35,0,0,-35,-532,0,-532,55,159,-35,-532,0,55,159,0,-35,-532,0,55,159,0,0,55,159,-35,0,-555,0,0,-35,-532,0,55,159,-35,-532,0,55,159,0,-35,-532,0,55,159,0,-35,-532,0,55,159,0,-35,-532,0,55,159,0,-35,-532,0,55,159,0,-35,-532,0,55,159,55,159,0,-48,-532,0,-532,55,159,0,-35,-532,0,55,159,0,-35,-532,0,55,159,0,-35,-532,0,55,159,0,-35,-555,0,55,159,0,-35,-532,0,-532,55,159,0,-35,-532,0,55,159,-35,55,159,55,159,-35,-532,0,55,159,-35,-532,0,0,-35,-532,0,55,159,0,-35,-532,0,-532,55,55,159,159,-35,-35,0,-532,-532,0,55,159,55,159,-35,0,-35,0,-532,-532,0,55,159,0,-35,-532,0,-532,55,159,55,55,55,159,159,159,0,-35,0,55,159,-61,-532,0,-532,-532,0,0,-35,-532,0,-532,0,55,159,0,-35,0,-532,0,55,159,-35,0,55,159,0,-35,0,-555,0,-532,0,55,159,0,-35,0,-532,0,55,159,55,159,0,-35,0,-35,0,-555,0,-533,0,55,159,-35,0,-534,0,55,159,0,-35,0,-535,0,55,159,55,159,-35,0,-35,0,-536,0,-543,0,55,55,159,159,0,-48,0,-555,-532,0,55,159,0,-35,0,-532,0,55,159,0,-35,0,-532,0,55,159,55,159,0,-48,-532,0,-532,0,55,159,0,-35,0,-532,55,159,-35,0,-532,0,55,159,0,-35,0,55,159,-35,0,-532,55,159,-35,0,-532,0,55,55,55,159,159,159,0,0,-61,-532,0,-532,-532,0,-532,55,159,0,-35,-532,0,55,159,0,-35,-555,0,55,159,-35,-532,0,55,159,55,55,55,55,159,159,159,159,-35,55,55,55,55,-532,-35,636,-61,-74,-532,0,-532,-532,0,-532,-532,0,-532,-532,0,-532,55,159,-35,-532,0,55,159,-35,55,55,159,159,-532,-35,0,-35,-532,0,-532,55,159,0,-35,-532,0,55,159,-35,-532,0,55,55,55,159,159,159,-35,-48,0,-532,-532,0,-532,55,159,55,159,-35,-35,-532,-532,0,55,159,0,-35,-532,0,55,159,-35,-532,0,55,159,-35,-532,0,55,159,0,-35,-555,0,55,159,0,-35,-532,0,55,159,55,159,0,-35,0,-35,0,-532,-532,0,55,159,-35,-532,0,55,159,55,55,55,159,318,0,55,55,55,55,159,159,159,159,-35,-532,0,55,-35,159,-48,-74,-532,0,-532,-532,-532,-35,-532,-532,-532,-1004,0,55,159,0,-35,-532,0,55,159,-35,-532,0,55,159,0,-35,-555,0,55,159,-35,-556,0,55,159,-35,-534,0]
[88,0,0,0,0,517,0,0,517,0,0,-2104,0,-2102,0,64,64,92,92,126,159,126,159,-528,0,31,-528,0,-31,0,31,-35,0,-31,0,-35,0,-594,0,-594,0,0,55,159,0,0,-35,0,-555,0,55,159,-35,0,-532,0,55,159,-35,0,-555,0,55,159,-35,0,-532,0,55,159,0,-35,0,-532,0,55,159,0,-35,-532,0,55,159,0,-35,-532,0,-532,0,55,159,-35,0,-532,0,55,159,0,-35,0,-532,0,55,159,0,-35,0,-532,0,55,159,0,-35,0,-532,0,55,159,-35,0,-532,0]
[89,0,0,0,0,517,0,0,517,0,0,-2105,0,-2105,0,64,64,92,92,126,159,126,159,-528,0,31,-31,0,-528,0,-31,-35,0,0,31,-35,0,-594,0,-594,0,0,55,159,0,-35,0,-555,0,55,159,0,-35,0,-532,0,55,159,55,159,0,0,0,-35,0,-35,0,-555,0,-555,0,55,159,-35,0,-532,0,55,159,-35,0,-532,0,55,159,0,-35,0,-532,0,55,159,-35,-532,0,55,159,0,-35,-532,0]
[90,0,0,0,0,0,0,517,517,0,0,-2103,0,-2104,0,64,92,126,159,64,92,126,159,0,-537,0,31,-35,0,-594,0,0,-550,0,31,-594,0,0,0,55,159,0,0,-35,0,-555,0,55,159,0,-35,0,-555,0,55,159,55,159,55,159,0,-35,0,0,-35,0,-35,0,-532,0,-532,0,-532,0,55,159,-35,0,-532,0,55,159,0,-35,0,55,159,-532,0,-35,0,-532,0,55,159,0,-35,0,-532,0,55,159,0,-35,0,55,159,0,-35,-555,0,-532,55,159,0,-35,-531,0,55,159,0,-35,-532,0,55,159,0,-35,-532,0,55,159,-35,-532,0,55,159,55,159,55,159,0,55,159,-35,-532,55,159,-35,-35,0,-532,-35,0,-532,-532,0,-35,-532,0,55,159,0,-35,-532,0,55,55,159,159,0,-48,-532,0,-532,55,159,55,159,0,-48,-532,0,-532,0,55,159,0,-35,0,-532,55,159,0,-35,0,-532,55,159,0,-35,0,-532,55,159,0,-35,-555,0,55,159,0,-35,55,55,159,159,0,-48,-532,0,-532,0,-532,55,159,0,-35,0,-532,0,55,159,0,-35,0,-532,0,55,159,0,-35,0,-532,0,55,159,-35,-532,0,55,159,0,-35,-532,0,55,159,0,-35,-532,0,55,159,0,-35,-532,0,55,159,0,-35,-532,0,55,159,0,-35,-531,0,55,159,0,-35,-532,0]
[91,0,0,0,0,517,0,0,517,0,0,-2104,0,-2104,0,64,64,92,92,126,159,126,159,-528,0,31,-31,0,0,-528,0,31,-35,0,-31,0,-35,0,-594,0,-593,0,0,55,159,0,-35,0,-555,0,55,159,-35,0,-555,0,55,159,-35,0,-532,0,55,55,159,159,0,-48,0,-555,0,-532,0,55,159,0,-35,0,-532,0,55,159,-35,0,-532,0,55,159,0,-35,0,-555,0,55,159,-35,0,55,159,0,-35,0,-532,0,-532,0,55,159,0,-35,0,-532,0,55,159,0,-35,0,-532,0,55,159,0,-35,0,-532,0,55,159,-35,0,-532,0,55,39,159,0,0,0,-52,0,-555,0,55,159,55,159,0,-48,0,-532,-532,0,55,159,-35,0,-532,0,55,159,55,159,55,159,0,-35,-532,0,-48,-532,0,-532,0,55,159,0,-35,0,-532,0,55,159,0,-35,0,-555,55,159,0,-35,0,-532,0,55,159,-35,-532,0,55,159,0,-35,-532,0,55,55,159,159,-35,-35,0,-532,-532,0,55,159,-35,-532,0,55,159,-35,-532,0,55,159,-35,-532,0,55,159,0,-35,-532,0,55,159,0,-35,-532,0,55,159,-35,-532,0,55,159,-35,-532,0,55,159,0,-35,-555,0,55,159,0,-35,0,-555,0]
[92,0,0,0,0,517,0,0,517,0,0,-2104,0,-2104,0,64,92,126,159,-528,-31,0,0,-35,0,64,31,92,126,159,-594,0,-528,-31,0,0,31,-35,0,-594,0,0,0,55,159,0,0,-35,0,-555,0,55,159,-35,-532,0,55,159,-35,-555,0,55,159,0,-35,-532,0,55,159,0,-35,-532,0,55,159,0,-35,-532,0,55,159,0,-35,-532,0,55,159,-35,-532,0,55,159,-35,-532,0,55,159,-35,-555,0]
[93,0,0,0,0,517,0,0,517,0,0,-2105,0,-2104,0,64,64,92,92,126,159,126,159,-528,0,31,-528,0,31,-31,0,-35,0,-31,0,-35,0,-593,0,-594,0,0,55,159,-35,0,-555,0,55,159,-35,0,-531,0,55,159,55,159,55,55,55,55,55,159,159,159,0,318,-35,0,0,0,-555,0,-35,0,0,-35,0,-555,0,-74,0,-532,0,-532,0,-532,0,-532,0,-532,0,55,55,159,159,-35,0,-35,0,-532,0,-532,55,159,55,159,0,-48,-532,0,-532,0,55,159,-35,0,-532,0,55,159,0,-35,0,-532,0,55,159,0,-35,0,-532,0,55,159,55,159,55,159,55,159,55,159,0,55,-48,159,-35,-35,0,-531,-531,0,-531,-35,0,-531,-35,0,55,159,-531,0,-35,0,-531,55,159,0,-35,-532,0,-531,0,55,159,-35,0,-531,0,55,159,0,-35,0,-532,0,55,159,55,159,-35,0,-35,-555,0,-532,0,55,159,0,-35,0,-532,0,55,159,0,-35,-532,0,55,159,55,0,159,-35,-532,0,0,-35,-532,0,55,159,0,-35,-532,0,55,159,-35,-532,0,55,159,-35,-531,0,55,159,0,-35,-532,0,55,159,0,-35,-531,0,55,159,55,159,-35,-531,0,0,-35,-532,0,55,159,0,-35,-531,0,55,159,0,-35,-532,0,55,159,0,-35,-555,0,55,159,55,159,-35,-532,0,0,-35,-532,0,55,159,55,159,0,-35,-35,0,-532,-532,0,55,55,55,159,159,159,0,-61,-532,0,-532,-532,0,55,159,0,-35,-532,0,55,159,55,159,0,-35,-35,0,-531,-531,0,55,159,55,159,0,-35,-35,0,-531,-531,0,55,159,0,-35,-531,0,55,159,0,-35,-531,0,55,159,0,-35,-531,0]
[94,0,0,0,0,517,0,0,517,0,0,-2105,0,-2104,0,64,92,126,159,64,92,126,159,0,-537,0,31,-35,0,-594,0,-528,0,0,31,-44,0,-594,0,0,0,55,159,0,0,-35,0,-555,0,55,159,0,-35,0,-532,0,55,159,0,-35,0,-555,0,55,159,0,-35,-532,0,55,159,0,-35,-532,0,55,55,159,159,55,159,55,159,0,-48,-532,0,-532,0,-35,0,-35,-532,0,-532,55,159,0,-35,-532,0,55,159,0,-35,-532,0,55,159,0,-35,-532,0,55,159,0,-35,-532,0,55,159,55,159,0,-35,55,159,0,-35,-532,0,-35,-532,0,-532,55,159,-35,-532,0,55,159,-35,-532,0,55,159,-35,-532,0,55,159,-35,-532,0,55,159,55,159,-35,-532,0,-35,-532,0,55,159,-35,-532,0,55,159,0,-35,-555,0,55,159,0,-35,55,159,-532,0,-35,0,-532,55,159,55,159,-35,55,159,55,159,55,55,159,159,-532,0,-35,0,-532,0,0,55,159,-35,-35,0,-35,0,-35,-555,-532,0,0,-532,-532,0,-35,-532,0,55,159,-35,-532,0,55,159,-35,-532,0,55,159,55,55,55,159,159,159,55,159,-35,-532,0,0,-35,-61,-532,0,-532,-532,-532,0,55,55,159,159,-35,-35,-532,-532,0,55,159,0,-35,-532,0,55,159,55,159,55,159,-35,-35,-532,-532,-35,0,-532,55,159,55,159,0,-35,-35,-532,0,-532,0,55,159,0,-35,0,-532,55,159,-35,0,-532,55,159,0,-35,-532,0,55,159,-35,0,-532,55,159,0,-35,-532,0,55,159,-35,-532,0,55,159,0,-35,-532,0,55,159,-35,-532,0,55,159,55,159,-35,-35,0,-532,55,159,-35,-532,0,-533,0,55,159,55,159,55,55,159,159,55,159,0,0,-35,0,-74,0,-533,-534,0,-1007,-543,0,-555,0,55,159,0,-35,0,-532,0,55,159,0,-35,0,-532,0,55,159,0,-35,0,-555,0,55,159,0,-35,-532,0,0,55,159,0,-35,0,-532,0,55,159,55,0,159,-35,0,55,159,-532,0,0,-35,0,-532,0,-35,0,-532,0,55,159,0,-35,0,-532,0,55,159,0,-35,-532,0,55,159,-35,0,-532,0,55,159,0,-35,0,-532,0,55,159,0,-35,0,-532,0,55,159,-35,0,-555,0,55,159,-35,0,-532,0,55,159,-35,0,-532,0,55,159,-35,0,-532,0,55,159,-35,0,-532,0,55,159,0,-35,0,-532,0,55,159,-35,0,-532,0,55,159,-35,0,-555,0]
[95,0,0,0,0,517,0,0,517,0,0,-2104,0,-2104,0,64,64,92,92,126,159,126,159,-528,0,31,-31,0,-35,0,-528,0,-31,0,31,-35,0,-594,0,-593,0,0,55,159,-35,0,-555,0,55,159,-35,0,-532,0,55,159,55,159,0,-48,0,-532,0,-532,0,55,159,-35,0,-532,55,159,-35,0,-532,0,55,159,0,-35,-532,0,55,159,0,-35,0,-532,0,55,159,0,-35,0,-532,0,55,159,55,159,0,55,159,-35,0,-35,0,-555,0,0,-35,0,-532,0,55,159,-532,0,-35,0,-532,55,159,0,-35,-532,0,55,159,55,159,55,55,55,159,159,159,55,159,0,428,-48,0,-61,0,0,0,-35,0,-48,-532,0,-532,-532,0,-555,0,55,55,55,159,159,159,-532,0,-48,0,-35,-532,0,-532,-532,0,-532,-532,0,-532,0,55,159,-35,0,-532,0,55,159,0,-35,-532,0,55,159,-35,0,-532,0,55,159,55,159,0,-35,0,-35,0,55,159,-532,0,0,-35,0,-532,0,55,159,55,55,55,55,159,318,159,-35,0,0,-74,0,-532,-532,0,-532,-532,0,-532,-532,0,55,159,55,159,-35,-532,0,-35,-532,0,55,159,-35,0,-555,0,55,159,55,55,159,159,0,-35,0,-48,0,-532,0,-532,0,-532,0,55,159,-35,0,-532,0,55,55,159,159,-35,-35,0,-532,-532,0,55,159,-35,-532,0,55,55,159,159,0,-48,-532,0,-532,55,55,159,159,-35,-35,0,-532,-532,0,55,159,-35,-532,0,55,159,55,55,159,159,55,159,0,-35,-48,0,-35,-532,0,-532,-532,0,-532,0,55,159,-35,0,-532,55,159,-35,0,-532,55,159,-35,0,-532,55,159,0,-35,55,159,-35,-533,0,-533,55,159,-35,-534,0,55,159,0,-35,-559,0,55,159,0,-35,0,55,159,0,-35,0,55,159,0,-35,0,-543,0,-555,0,-532,0,55,159,0,-35,0,-532,0,55,159,-35,0,-555,0]
[96,0,0,0,0,517,0,0,517,0,0,-2104,0,-2103,0,64,64,92,92,126,159,126,159,-528,0,31,-31,0,-35,0,-528,0,31,-31,0,-594,0,-35,0,-594,0,0,55,159,0,0,-35,0,-555,0,55,159,0,-35,0,55,159,-532,-35,0,-532,55,159,55,55,55,55,159,159,159,159,0,0,-35,-74,0,-532,-532,0,-532,-532,0,-532,55,55,159,159,0,-48,-532,0,-532,55,159,0,-35,55,55,159,159,55,159,0,-35,-48,0,-532,-532,-532,0,-532,0,55,159,0,-35,-532,0,55,159,-35,-532,0,55,159,-35,-532,0,55,159,-35,-532,0,55,159,0,-35,-532,0,55,159,0,-35,-532,0,55,159,55,159,55,159,-35,-35,0,-35,-532,0,-532,55,159,-532,0,-35,0,-532,55,159,0,-35,-532,0,55,159,-35,-532,0,55,159,0,-35,-532,0,55,159,-35,-555,0,55,159,-35,-532,0,55,159,0,-35,-532,0,55,159,0,-35,-532,0,55,159,-35,-532,0,55,159,-35,-532,0,55,159,-35,-532,0,55,159,55,159,0,0,-35,-35,0,-532,0,-555,0,55,159,-35,-532,0,55,159,-35,-532,0,55,159,55,159,-35,-35,0,-532,55,159,-532,-35,0,-532,55,159,-35,-532,0,55,159,-35,-532,0,55,159,0,-35,-532,0,55,159,-35,-532,0,55,159,-35,-532,0,55,159,-35,-532,0,55,159,55,159,55,159,-35,0,-48,-532,0,-532,-532,0,55,159,0,-35,-532,0,55,159,-35,-532,0,55,159,0,-35,-532,0,55,159,55,159,-35,-35,0,-532,-532,0,55,159,55,159,-35,-35,-532,0,-532,55,159,0,-35,-532,0,55,55,55,159,159,159,55,55,55,55,55,55,0,3308,-35,-126,0,-532,0,-533,0,-533,-165,0,-534,-535,0,-536,-543,0,-555,-532,0,-532,-532,0,-532,-532,0,-532,-1004,0,-532,-532,0,-532,-532,0,-532,0,55,159,-35,0,55,159,-532,0,-35,0,-532,55,159,0,-35,0,-532,55,159,-35,0,-532,55,159,-35,55,159,-532,-35,0,-532,55,159,-35,-532,0,55,159,-35,-532,0,55,159,0,-35,-555,0,55,159,-35,-532,0,55,159,55,159,-35,-532,0,-35,-532,0,55,159,0,-35,-532,0,55,159,0,-35,-532,0,55,159,55,159,55,159,-35,-35,-35,-532,-532,-532,0,55,159,0,-35,-532,0,55,159,-35,-532,0,55,159,0,-35,-532,0,55,159,0,-35,-532,0,55,159,55,55,55,55,214,318,318,-35,-87,55,159,-532,-532,0,-532,-532,0,-532,-532,0,0,-35,-532,0,55,55,55,55,55,159,159,159,159,159,0,-61,-48,0,-532,-532,0,-532,-532,0,-532,0,55,159,0,-35,0,-532,0,55,159,0,-35,0,-555,0,55,159,0,-35,0,-532,0,55,159,0,-35,0,-532,0,55,159,0,-35,0,-532,0,55,159,-35,0,-532,0,55,159,-35,0,-555,0,55,159,-35,0,-532,0,55,159,0,-35,0,-532,0,55,159,-35,0,-555,0,55,159,55,159,-35,0,-35,0,-533,0,-533,0,55,159,-35,0,-534,0,55,159,55,159,0,-35,0,55,159,-535,0,-35,0,-536,0,-35,0,-543,0,55,159,0,-35,0,-555,0,55,159,-35,0,-555,0,55,159,55,159,0,-35,0,-35,0,-555,0,-532,0,55,159,-35,0,-532,0,55,159,-35,0,-555,0,55,159,-35,0,-555,0,55,159,-35,0,-532,0,55,159,55,159,-35,0,-532,0,-35,0,-532,0,55,159,0,-35,0,-532,0,55,159,-35,0,-532,0,55,159,-35,-532,0,55,159,-35,-532,0,55,159,-35,55,159,-532,-35,0,-532,55,159,0,-35,-532,0,55,159,55,159,0,-35,-35,0,-532,-532,0]
[97,0,0,0,0,0,517,0,517,0,0,-2105,0,-2104,0,64,64,92,92,126,159,126,159,-528,0,31,-528,0,-31,0,31,-31,0,-35,0,-35,0,-593,0,-594,0,0,0,55,159,0,0,-35,0,-555,0]
[98,0,0,0,0,0,0,517,517,0,0,-2103,0,-2105,0,64,64,92,92,126,159,126,159,-528,0,31,-528,0,-31,0,31,-31,0,-35,0,-35,0,-594,0,-594,0,0,0,55,159,0,0,-35,0,-555,0]
[99,0,0,0,0,517,0,0,517,0,0,-2104,0,-2105,0,64,64,92,92,126,159,126,159,-528,0,31,-528,0,-31,-31,0,0,31,0,-35,0,-35,0,-594,0,-594,0,0,55,159,0,0,-35,0,-555,0,55,159,0,-35,-532,0]
[100,0,0,0,0,517,0,0,517,0,0,-2104,0,-2104,0,64,92,126,159,-528,0,31,-31,0,0,-35,0,64,92,126,159,-594,0,-528,-31,0,0,31,-35,0,-594,0,0,55,159,0,0,-35,0,-555,0,55,159,0,-35,0,-555,0,55,159,0,-35,0,-555,0,55,55,55,55,159,159,159,159,0,-35,0,-61,0,55,55,159,159,-35,-35,0,55,39,159,0,0,-52,0,-555,0,55,159,55,159,-35,-35,0,55,159,0,-35,-555,0,-532,0,-532,0,-532,0,-532,0,-532,0,-532,0,55,159,0,-35,0,55,159,0,-35,0,-555,0,-532,0,-555,0,-532,0,55,159,0,-35,0,55,55,159,159,-35,0,-35,0,55,159,-35,0,55,159,0,-35,0,-555,0,-555,0,-532,0,-532,0,-532,0,55,159,0,-35,0,55,159,0,-35,0,-555,0,-532,0]
